0.000000,0.330131,0.333249,0.340407,0.346133,0.334158,0.333119,0.336456,0.273629,0.334659
1.000000,0.331187,0.332695,0.339400,0.345505,0.334745,0.332732,0.336720,0.303038,0.336093
2.000000,0.335646,0.333438,0.339090,0.345325,0.336634,0.348829,0.338832,0.536215,0.350499
3.000000,0.340043,0.334800,0.338589,0.345120,0.349075,0.347479,0.350310,0.377615,0.348673
4.000000,0.342950,0.336208,0.337917,0.344742,0.348489,0.344517,0.346352,0.245400,0.344828
5.000000,0.344932,0.337531,0.337526,0.344219,0.345818,0.343873,0.347473,0.166375,0.344567
6.000000,0.347226,0.339207,0.337653,0.344008,0.344711,0.344517,0.347605,0.145034,0.347565
7.000000,0.347552,0.341599,0.338051,0.343817,0.347512,0.348638,0.351959,0.227390,0.352128
8.000000,0.348647,0.344345,0.339068,0.343638,0.352202,0.352566,0.356577,0.251598,0.354149
9.000000,0.351046,0.346998,0.340212,0.343523,0.352723,0.353081,0.357237,0.233783,0.356822
10.000000,0.353562,0.349247,0.341248,0.343354,0.355719,0.353918,0.357963,0.210874,0.357148
11.000000,0.356378,0.351802,0.342249,0.343534,0.357152,0.358233,0.361261,0.185270,0.361645
12.000000,0.358308,0.352930,0.343184,0.343704,0.361451,0.359070,0.364296,0.239619,0.361776
13.000000,0.361280,0.354964,0.344882,0.344047,0.362103,0.364544,0.365286,0.328588,0.369011
14.000000,0.364031,0.357539,0.346873,0.344458,0.367705,0.367313,0.371916,0.362710,0.370576
15.000000,0.367277,0.360420,0.348976,0.345157,0.371092,0.370275,0.374192,0.352786,0.373379
16.000000,0.370171,0.363275,0.351241,0.346194,0.373567,0.371627,0.376171,0.242519,0.376116
17.000000,0.372987,0.365648,0.353623,0.347250,0.376172,0.374010,0.378150,0.234314,0.375856
18.000000,0.374695,0.367988,0.356166,0.348708,0.375847,0.374139,0.378546,0.271084,0.377550
19.000000,0.376351,0.370191,0.358595,0.350205,0.378192,0.375652,0.382108,0.320110,0.378854
20.000000,0.377081,0.372179,0.360713,0.351558,0.378192,0.375169,0.380063,0.306898,0.377029
21.000000,0.378828,0.374500,0.363151,0.352999,0.378843,0.381287,0.379602,0.402478,0.384851
22.000000,0.379636,0.376312,0.364621,0.354227,0.383533,0.379355,0.383560,0.285747,0.379897
23.000000,0.381279,0.377987,0.366475,0.355917,0.380602,0.381609,0.383956,0.325379,0.385764
24.000000,0.379467,0.377909,0.367724,0.357219,0.370896,0.372271,0.372015,0.717124,0.369793
25.000000,0.378241,0.377661,0.369040,0.358537,0.370440,0.367957,0.372147,0.314993,0.370902
26.000000,0.375934,0.377381,0.370328,0.359954,0.371743,0.369373,0.373598,0.207913,0.373313
27.000000,0.374174,0.376905,0.371276,0.361384,0.373632,0.371756,0.373466,0.275433,0.371097
28.000000,0.371592,0.376436,0.372212,0.362923,0.370180,0.369437,0.373994,0.200807,0.372857
29.000000,0.372283,0.375875,0.373033,0.364355,0.372004,0.368794,0.373400,0.311837,0.373248
30.000000,0.374291,0.376266,0.374223,0.365897,0.372655,0.376457,0.376435,0.279661,0.380940
31.000000,0.375921,0.375927,0.375213,0.367410,0.379885,0.378646,0.382504,0.305121,0.381461
32.000000,0.378554,0.376364,0.376338,0.368535,0.382491,0.381158,0.386463,0.246644,0.384264
33.000000,0.379623,0.375608,0.376797,0.369520,0.384966,0.380707,0.381680,0.309399,0.378202
34.000000,0.380093,0.376188,0.377048,0.370545,0.377540,0.374267,0.379403,0.186338,0.375595
35.000000,0.379923,0.377107,0.377384,0.371729,0.375977,0.376457,0.379470,0.183569,0.380093
36.000000,0.378958,0.377440,0.377410,0.372698,0.381449,0.381544,0.379272,0.344712,0.376638
37.000000,0.378997,0.378776,0.377840,0.373776,0.375977,0.379870,0.379668,0.408816,0.384460
38.000000,0.381605,0.380614,0.378525,0.375012,0.382751,0.386760,0.386265,0.396249,0.391239
39.000000,0.384277,0.382185,0.379030,0.376084,0.390307,0.387018,0.391213,0.478763,0.388958
40.000000,0.386376,0.383150,0.379708,0.377198,0.389656,0.386309,0.389959,0.348865,0.390587
41.000000,0.390418,0.384688,0.380308,0.378372,0.390698,0.393007,0.393291,0.439784,0.396845
42.000000,0.393873,0.386435,0.381400,0.379704,0.397798,0.398287,0.401834,0.353889,0.401734
43.000000,0.396467,0.389036,0.382322,0.380877,0.399427,0.401346,0.404341,0.308284,0.404211
44.000000,0.399153,0.391715,0.383952,0.381937,0.405941,0.401636,0.404143,0.197977,0.402386
45.000000,0.402308,0.394342,0.385725,0.383037,0.404638,0.404469,0.407640,0.217235,0.406362
46.000000,0.404537,0.397477,0.387458,0.384099,0.404964,0.404115,0.410146,0.278237,0.407992
47.000000,0.405671,0.399772,0.389274,0.385151,0.408351,0.405177,0.409817,0.275135,0.407405
48.000000,0.406336,0.401401,0.391008,0.386150,0.407830,0.404630,0.412258,0.187101,0.407535
49.000000,0.408096,0.403624,0.392905,0.387228,0.407308,0.407818,0.412324,0.306686,0.411186
50.000000,0.409139,0.405723,0.394436,0.388380,0.414474,0.409750,0.414303,0.437252,0.411577
51.000000,0.409126,0.406831,0.395760,0.389149,0.408025,0.405242,0.411711,0.202091,0.407926
52.000000,0.407353,0.406512,0.396474,0.389770,0.408155,0.403503,0.402692,0.400467,0.398540
53.000000,0.406714,0.406525,0.397780,0.390390,0.401251,0.400541,0.402824,0.349678,0.404341
54.000000,0.403911,0.406004,0.398859,0.391302,0.402814,0.399897,0.401768,0.273581,0.397171
55.000000,0.401929,0.405534,0.399938,0.392328,0.398319,0.396870,0.399723,0.204188,0.401669
56.000000,0.400248,0.404687,0.401082,0.393201,0.403335,0.399189,0.402428,0.174993,0.399518
57.000000,0.400795,0.404074,0.401923,0.394207,0.399752,0.397450,0.403549,0.160434,0.401278
58.000000,0.399922,0.403318,0.402360,0.395111,0.397538,0.395325,0.400251,0.187915,0.399974
59.000000,0.400548,0.402229,0.402927,0.396013,0.400339,0.396548,0.400976,0.185164,0.400300
60.000000,0.399648,0.400789,0.403256,0.396554,0.403791,0.399189,0.400185,0.144833,0.397171
61.000000,0.398748,0.399498,0.403165,0.397006,0.390829,0.393425,0.395237,0.324116,0.395020
62.000000,0.396767,0.398781,0.402647,0.397243,0.393564,0.389980,0.395633,0.248274,0.391370
63.000000,0.395007,0.397464,0.401995,0.397675,0.392522,0.388950,0.394808,0.162838,0.391174
64.000000,0.392439,0.396493,0.401248,0.398071,0.386725,0.390366,0.386001,0.305226,0.387458
65.000000,0.391552,0.395600,0.400567,0.398492,0.386204,0.387984,0.390190,0.150179,0.392738
66.000000,0.390718,0.394733,0.399710,0.398966,0.392587,0.388992,0.394247,0.160652,0.390848
67.000000,0.390952,0.393860,0.398967,0.399235,0.390242,0.388499,0.395237,0.167979,0.392543
68.000000,0.391969,0.393488,0.398403,0.399402,0.392718,0.392749,0.396556,0.236777,0.396258
69.000000,0.393325,0.392882,0.397556,0.399578,0.395258,0.392749,0.397678,0.135900,0.394238
70.000000,0.391487,0.391519,0.396154,0.399344,0.392913,0.391204,0.387980,0.232974,0.383547
71.000000,0.390822,0.390770,0.395134,0.399033,0.385813,0.384088,0.388772,0.217598,0.387524
72.000000,0.388879,0.389916,0.394348,0.398403,0.384315,0.381802,0.386858,0.180754,0.382830
73.000000,0.385933,0.388951,0.393208,0.397647,0.383989,0.382188,0.385011,0.159803,0.381527
74.000000,0.384017,0.388671,0.392582,0.397056,0.383859,0.380900,0.386001,0.240796,0.384655
75.000000,0.385894,0.388690,0.392145,0.396608,0.384901,0.389916,0.388772,0.264452,0.392934
76.000000,0.386429,0.388625,0.391679,0.396015,0.394151,0.390109,0.392796,0.289614,0.390196
77.000000,0.388306,0.388593,0.391226,0.395509,0.390959,0.389658,0.394445,0.104845,0.392217
78.000000,0.391565,0.388749,0.391119,0.395185,0.392783,0.394230,0.397546,0.188845,0.397823
79.000000,0.393860,0.388938,0.390910,0.394683,0.396952,0.394423,0.400844,0.126800,0.396128
80.000000,0.394590,0.390242,0.390881,0.394183,0.397408,0.394423,0.400251,0.167073,0.396584
81.000000,0.395893,0.391161,0.390965,0.393810,0.396040,0.393457,0.399525,0.151438,0.396715
82.000000,0.395841,0.392074,0.390995,0.393590,0.396300,0.392685,0.396358,0.214556,0.391956
83.000000,0.395020,0.393292,0.391122,0.393236,0.391285,0.389272,0.386726,0.276998,0.393716
84.000000,0.394850,0.394355,0.391513,0.393173,0.395193,0.394488,0.397942,0.257246,0.395281
85.000000,0.395007,0.394798,0.391744,0.393030,0.394737,0.394166,0.399525,0.162750,0.397367
86.000000,0.394511,0.395202,0.391914,0.392854,0.397603,0.394359,0.398601,0.167861,0.394238
87.000000,0.395255,0.395548,0.392070,0.392667,0.391740,0.392491,0.393719,0.212319,0.395672
88.000000,0.395724,0.395372,0.392060,0.392536,0.394281,0.394101,0.399129,0.121692,0.396063
89.000000,0.398175,0.396513,0.392725,0.392778,0.395844,0.403503,0.398865,0.266730,0.407535
90.000000,0.400665,0.397836,0.394039,0.393199,0.407243,0.407818,0.410872,0.173272,0.409817
91.000000,0.404876,0.399694,0.395427,0.393875,0.408937,0.410458,0.410213,0.250764,0.415292
92.000000,0.409230,0.402242,0.397158,0.394744,0.414734,0.414966,0.416150,0.232871,0.417443
93.000000,0.413754,0.404739,0.399016,0.395661,0.415125,0.416414,0.419514,0.224441,0.418682
94.000000,0.417209,0.407692,0.401023,0.396906,0.418317,0.420697,0.422978,0.239707,0.424809
95.000000,0.420325,0.410495,0.402647,0.397994,0.421965,0.423305,0.427167,0.192592,0.425396
96.000000,0.421120,0.412998,0.404100,0.398942,0.423072,0.419860,0.423879,0.250064,0.419269
97.000000,0.419855,0.414543,0.405045,0.399561,0.418121,0.415867,0.414369,0.348605,0.411121
98.000000,0.419725,0.416739,0.406056,0.400287,0.408872,0.414515,0.411895,0.375236,0.418030
99.000000,0.418904,0.418056,0.407284,0.401169,0.416819,0.416125,0.416282,0.212964,0.420703
100.000000,0.419203,0.419764,0.408800,0.402614,0.424635,0.425559,0.428948,0.248299,0.426895
101.000000,0.423506,0.422313,0.411003,0.404389,0.423398,0.437762,0.427101,0.461929,0.440780
102.000000,0.432253,0.426054,0.414148,0.406790,0.439487,0.451156,0.445111,0.707565,0.454860
103.000000,0.437207,0.428466,0.416603,0.408833,0.458442,0.453345,0.445309,0.370382,0.442800
104.000000,0.442722,0.430813,0.419252,0.410953,0.442744,0.442913,0.439240,0.334153,0.448276
105.000000,0.447520,0.433362,0.421928,0.412885,0.454729,0.449868,0.451181,0.505562,0.450883
106.000000,0.449671,0.436588,0.424793,0.414929,0.449974,0.446970,0.450917,0.396619,0.451535
107.000000,0.448550,0.440402,0.427472,0.416831,0.447108,0.446713,0.449598,0.268754,0.449254
108.000000,0.453856,0.445532,0.431136,0.419214,0.451798,0.464502,0.457580,0.377634,0.469331
109.000000,0.459383,0.451053,0.434554,0.421874,0.471535,0.476335,0.475459,0.499042,0.475914
110.000000,0.463581,0.455550,0.437657,0.424383,0.472251,0.469412,0.471830,0.307040,0.471873
111.000000,0.467505,0.458588,0.440450,0.426865,0.473228,0.469895,0.475459,0.230023,0.471156
112.000000,0.474311,0.461430,0.443742,0.429909,0.471404,0.478492,0.475327,0.291731,0.483280
113.000000,0.477296,0.465576,0.447021,0.432927,0.484497,0.481486,0.487993,0.349270,0.484258
114.000000,0.481703,0.470543,0.450678,0.436349,0.487038,0.493786,0.491226,0.463688,0.497947
115.000000,0.488078,0.475829,0.454596,0.439895,0.498306,0.500419,0.501715,0.398018,0.503748
116.000000,0.492875,0.480190,0.458389,0.443259,0.503192,0.497650,0.498351,0.515771,0.495144
117.000000,0.496721,0.485516,0.462959,0.446820,0.489838,0.511623,0.495712,0.696067,0.502510
118.000000,0.499980,0.488638,0.467085,0.450303,0.506058,0.500741,0.495778,0.657704,0.500554
119.000000,0.499550,0.490626,0.470840,0.453245,0.502540,0.496812,0.499802,0.493509,0.495796
120.000000,0.498377,0.493227,0.474389,0.456181,0.504820,0.501513,0.500726,0.350008,0.497881
121.000000,0.498833,0.495854,0.477221,0.458918,0.498632,0.498229,0.496438,0.439571,0.497425
122.000000,0.498090,0.497406,0.479418,0.461630,0.498958,0.496168,0.502573,0.278119,0.498794
123.000000,0.496995,0.498488,0.482032,0.464177,0.499349,0.494365,0.500792,0.461966,0.495079
124.000000,0.497582,0.498566,0.484554,0.466641,0.495115,0.496812,0.500462,0.245670,0.498729
125.000000,0.496043,0.497210,0.486520,0.468800,0.491337,0.491661,0.494458,0.299882,0.490190
126.000000,0.495261,0.497047,0.488619,0.471275,0.486777,0.490566,0.492149,0.183592,0.493514
127.000000,0.496682,0.497386,0.491451,0.474435,0.496678,0.499903,0.502309,0.226443,0.505899
128.000000,0.498429,0.497712,0.493175,0.477294,0.508859,0.503059,0.508774,0.170553,0.503813
129.000000,0.498677,0.498129,0.494378,0.479936,0.506123,0.501739,0.504618,0.284751,0.499967
130.000000,0.500306,0.498175,0.495701,0.482318,0.496939,0.494237,0.500924,0.156932,0.498338
131.000000,0.501662,0.498462,0.497158,0.484301,0.504690,0.498937,0.502177,0.402230,0.500293
132.000000,0.501310,0.498996,0.498201,0.485944,0.501824,0.498744,0.501715,0.432748,0.504139
133.000000,0.501089,0.499759,0.499123,0.487941,0.503127,0.498422,0.503431,0.284845,0.502705
134.000000,0.500554,0.499615,0.499091,0.489575,0.503127,0.498293,0.500990,0.306856,0.497295
135.000000,0.500007,0.500156,0.498683,0.491065,0.497460,0.495138,0.499505,0.233321,0.495600
136.000000,0.499550,0.500606,0.498827,0.492615,0.496808,0.494945,0.499538,0.255752,0.498012
137.000000,0.496174,0.498742,0.498064,0.493881,0.498632,0.492949,0.486740,0.403736,0.487256
138.000000,0.491741,0.496415,0.497063,0.494255,0.490490,0.484899,0.482188,0.375590,0.480542
139.000000,0.488338,0.494446,0.496288,0.494401,0.481696,0.481164,0.485750,0.184927,0.480282
140.000000,0.485210,0.492608,0.495391,0.494670,0.480589,0.483547,0.484563,0.238833,0.479956
141.000000,0.481872,0.490711,0.494586,0.495009,0.480589,0.477301,0.482748,0.274544,0.481325
142.000000,0.480634,0.488404,0.493700,0.494935,0.476420,0.475562,0.482056,0.236159,0.481064
143.000000,0.481455,0.486598,0.493178,0.494948,0.482022,0.483869,0.487267,0.198712,0.484649
144.000000,0.482055,0.485197,0.492406,0.494459,0.486256,0.481357,0.488587,0.193741,0.483280
145.000000,0.482618,0.483914,0.492035,0.493760,0.488536,0.485608,0.485750,0.384357,0.482772
146.000000,0.480441,0.481156,0.490881,0.492937,0.487493,0.481937,0.468531,0.674658,0.470439
147.000000,0.478485,0.479559,0.489151,0.491896,0.468994,0.466031,0.471104,0.390732,0.471286
148.000000,0.475500,0.478477,0.487446,0.490868,0.468864,0.467062,0.471302,0.166888,0.469722
149.000000,0.473218,0.477636,0.486041,0.490071,0.469515,0.466965,0.471368,0.222883,0.471873
150.000000,0.470374,0.476496,0.484552,0.489093,0.470948,0.465581,0.467410,0.181870,0.468548
151.000000,0.470439,0.475440,0.483075,0.488204,0.468538,0.467500,0.472952,0.184851,0.470765
152.000000,0.470256,0.474371,0.481387,0.487257,0.470427,0.468446,0.475129,0.114964,0.470374
153.000000,0.469591,0.472545,0.479572,0.486301,0.467692,0.463101,0.469389,0.140011,0.466397
154.000000,0.472264,0.472741,0.478969,0.485851,0.465737,0.481164,0.470643,0.427444,0.485236
155.000000,0.474963,0.472668,0.478291,0.485579,0.484302,0.480263,0.483111,0.293094,0.482042
156.000000,0.478365,0.474402,0.477779,0.485388,0.479482,0.485350,0.483705,0.401576,0.487778
157.000000,0.479917,0.475086,0.477323,0.484463,0.486191,0.482259,0.482913,0.319475,0.478130
158.000000,0.480894,0.475243,0.476860,0.483378,0.474401,0.472213,0.476712,0.353492,0.471286
159.000000,0.478222,0.475243,0.476440,0.482442,0.471274,0.467995,0.473690,0.294789,0.471873
160.000000,0.476058,0.475510,0.476003,0.481538,0.472121,0.468800,0.474535,0.200630,0.471221
161.000000,0.473229,0.475797,0.475618,0.480649,0.471730,0.468800,0.476217,0.136880,0.473633
162.000000,0.472225,0.476071,0.475221,0.479615,0.474661,0.470990,0.473479,0.155271,0.473111
163.000000,0.471755,0.476325,0.474435,0.478489,0.472447,0.470410,0.474469,0.160100,0.468939
164.000000,0.469291,0.473757,0.473249,0.477231,0.466389,0.461202,0.463847,0.225543,0.459553
165.000000,0.467310,0.471684,0.472176,0.476088,0.459940,0.459849,0.465827,0.199199,0.461313
166.000000,0.464455,0.468842,0.471622,0.474800,0.458116,0.458561,0.463847,0.193566,0.459357
167.000000,0.462538,0.467382,0.471234,0.474009,0.458768,0.459060,0.463847,0.169114,0.463529
168.000000,0.463047,0.467401,0.471322,0.473707,0.468603,0.468285,0.472754,0.184282,0.471482
169.000000,0.467153,0.468222,0.471733,0.473701,0.472968,0.475562,0.475722,0.262068,0.480086
170.000000,0.470543,0.468926,0.472218,0.473644,0.480849,0.475787,0.481858,0.197174,0.478261
171.000000,0.473098,0.468776,0.472287,0.473338,0.476615,0.471247,0.474997,0.261501,0.472133
172.000000,0.474949,0.468744,0.472407,0.473062,0.472707,0.469251,0.476679,0.186465,0.472785
173.000000,0.476123,0.469585,0.472955,0.472818,0.474401,0.474853,0.479813,0.258559,0.477348
174.000000,0.474871,0.471012,0.472384,0.472503,0.476681,0.474338,0.478955,0.249514,0.473828
175.000000,0.474024,0.472283,0.471984,0.472212,0.472707,0.473308,0.476672,0.260086,0.474024
176.000000,0.473920,0.473509,0.471175,0.472251,0.473945,0.470829,0.475689,0.166219,0.471612
177.000000,0.472877,0.473913,0.470647,0.472127,0.472056,0.469315,0.471500,0.275448,0.467571
178.000000,0.471208,0.473665,0.470533,0.472103,0.467236,0.463713,0.471764,0.212150,0.469005
179.000000,0.468848,0.471860,0.470041,0.471775,0.467170,0.467384,0.463650,0.472888,0.462030
180.000000,0.470334,0.472179,0.470553,0.472205,0.461438,0.477623,0.466618,0.526354,0.481455
181.000000,0.473203,0.473561,0.471169,0.472711,0.481566,0.485157,0.486806,0.642150,0.485953
182.000000,0.475653,0.474265,0.471504,0.473027,0.484106,0.480005,0.483705,0.192205,0.479825
183.000000,0.477061,0.474135,0.471860,0.473348,0.478960,0.475433,0.480604,0.150492,0.476045
184.000000,0.481859,0.475354,0.473183,0.473374,0.481501,0.482001,0.484958,0.277686,0.486018
185.000000,0.483749,0.477042,0.474663,0.473670,0.486777,0.486187,0.491490,0.268784,0.490907
186.000000,0.484114,0.478658,0.476084,0.473670,0.487168,0.483354,0.488521,0.149442,0.487778
187.000000,0.484466,0.480060,0.476987,0.473785,0.483455,0.478974,0.484826,0.198438,0.481585
188.000000,0.486774,0.481918,0.477792,0.474328,0.480719,0.481873,0.485156,0.146966,0.487582
189.000000,0.486005,0.483932,0.477896,0.474671,0.482413,0.478460,0.479681,0.229456,0.482172
190.000000,0.484206,0.483978,0.478078,0.475028,0.479416,0.478138,0.481792,0.200405,0.481911
191.000000,0.484427,0.484271,0.478916,0.475536,0.483650,0.485704,0.487070,0.266957,0.488886
192.000000,0.485092,0.484779,0.479522,0.475929,0.486777,0.485736,0.489313,0.220211,0.484910
193.000000,0.482016,0.484395,0.479265,0.476038,0.484758,0.480134,0.477306,0.174773,0.472199
194.000000,0.479499,0.482752,0.479053,0.476373,0.472707,0.468672,0.472226,0.129510,0.469591
195.000000,0.480242,0.482224,0.479633,0.477183,0.473554,0.479812,0.476910,0.173416,0.485627
196.000000,0.479917,0.482172,0.480415,0.478113,0.482738,0.488570,0.488917,0.180933,0.487256
197.000000,0.481168,0.483130,0.481595,0.479034,0.486126,0.486252,0.488060,0.090846,0.491167
198.000000,0.484727,0.483371,0.482645,0.479651,0.488340,0.489729,0.494063,0.150894,0.489994
199.000000,0.490529,0.485014,0.484473,0.480269,0.491793,0.497392,0.495910,0.199505,0.498599
200.000000,0.493475,0.486859,0.485418,0.481005,0.495115,0.495782,0.500066,0.151882,0.500359
201.000000,0.496187,0.488052,0.486161,0.481961,0.501694,0.495975,0.498417,0.214054,0.500815
202.000000,0.497868,0.489518,0.487149,0.482854,0.499609,0.497521,0.502507,0.185670,0.499576
203.000000,0.501206,0.492967,0.488681,0.483832,0.500717,0.502415,0.503760,0.346415,0.506681
204.000000,0.502158,0.496343,0.489548,0.484816,0.504039,0.501771,0.507059,0.247767,0.503357
205.000000,0.502431,0.497953,0.490089,0.485740,0.504690,0.501764,0.505344,0.177031,0.501727
206.000000,0.502001,0.499094,0.490633,0.486641,0.500651,0.496040,0.502111,0.167964,0.498664
207.000000,0.500085,0.498977,0.491053,0.487389,0.498046,0.492626,0.495448,0.199266,0.489994
208.000000,0.496539,0.498872,0.491122,0.488054,0.490294,0.486702,0.493568,0.188282,0.488951
209.000000,0.493579,0.497868,0.491441,0.488938,0.488536,0.486123,0.491358,0.173729,0.488560
210.000000,0.489981,0.496206,0.491532,0.489014,0.488927,0.484126,0.489313,0.214015,0.483736
211.000000,0.487634,0.494818,0.491435,0.489047,0.483325,0.484191,0.489510,0.195195,0.486930
212.000000,0.485874,0.492980,0.491249,0.489092,0.481566,0.478653,0.476118,0.305979,0.481194
213.000000,0.484114,0.490327,0.491647,0.489229,0.481436,0.483161,0.485948,0.200301,0.480151
214.000000,0.483828,0.488703,0.492523,0.489266,0.479807,0.481679,0.485222,0.150898,0.487126
215.000000,0.484414,0.487198,0.492575,0.489125,0.486907,0.488441,0.492215,0.234249,0.486670
216.000000,0.488469,0.488052,0.493573,0.489773,0.487428,0.502479,0.492480,0.306169,0.507203
217.000000,0.493840,0.489857,0.494417,0.490655,0.503387,0.507760,0.509632,0.208018,0.508050
218.000000,0.500241,0.492178,0.495525,0.491474,0.507426,0.506794,0.512073,0.270464,0.512157
219.000000,0.505326,0.494577,0.496223,0.492486,0.511073,0.506665,0.511809,0.191297,0.512548
220.000000,0.510775,0.497595,0.496900,0.493553,0.512572,0.509048,0.513260,0.145470,0.513917
221.000000,0.513057,0.500763,0.497790,0.494544,0.512702,0.513169,0.519264,0.218213,0.518610
222.000000,0.515442,0.504641,0.498810,0.495713,0.518434,0.520188,0.522167,0.282222,0.519979
223.000000,0.518793,0.509517,0.499922,0.497603,0.520649,0.523279,0.523200,0.252645,0.528909
224.000000,0.522430,0.513878,0.501291,0.499641,0.529312,0.531264,0.533844,0.291627,0.530735
225.000000,0.528610,0.519692,0.503445,0.501614,0.531071,0.539764,0.537538,0.281517,0.544815
226.000000,0.534202,0.523629,0.505841,0.503592,0.542861,0.543177,0.549809,0.249808,0.546575
227.000000,0.537488,0.526465,0.508161,0.505100,0.547095,0.540923,0.541892,0.185697,0.536406
228.000000,0.538544,0.528668,0.510423,0.506573,0.535240,0.533597,0.538132,0.275998,0.534189
229.000000,0.539704,0.531067,0.512822,0.507837,0.536998,0.531457,0.539319,0.145101,0.536536
230.000000,0.537579,0.533094,0.515345,0.508965,0.534653,0.530942,0.539385,0.094872,0.534189
231.000000,0.534372,0.534287,0.517525,0.509956,0.534263,0.530041,0.536548,0.194130,0.530539
232.000000,0.532651,0.535069,0.519855,0.510897,0.528791,0.525340,0.530413,0.187593,0.527801
233.000000,0.530187,0.534365,0.521941,0.511403,0.524948,0.522764,0.523295,0.360795,0.521870
234.000000,0.526015,0.532860,0.523369,0.511814,0.519802,0.517355,0.514118,0.409923,0.515677
235.000000,0.523434,0.530506,0.525099,0.512466,0.517457,0.515552,0.517746,0.376744,0.521283
236.000000,0.522965,0.528668,0.526149,0.513450,0.521040,0.526950,0.527510,0.262585,0.528192
237.000000,0.521361,0.527006,0.526736,0.514443,0.525404,0.521283,0.520913,0.229793,0.519784
238.000000,0.519888,0.525037,0.526853,0.515295,0.519085,0.516711,0.519792,0.192276,0.514504
239.000000,0.521192,0.523603,0.527335,0.516416,0.514917,0.516002,0.517944,0.216179,0.522195
240.000000,0.523199,0.523317,0.528205,0.518002,0.521821,0.527127,0.528500,0.254875,0.531321
241.000000,0.524933,0.523949,0.529118,0.519666,0.534132,0.534226,0.539979,0.279934,0.536862
242.000000,0.529040,0.525200,0.530135,0.521637,0.535500,0.534870,0.541628,0.346203,0.540317
243.000000,0.536484,0.528186,0.531276,0.524023,0.541949,0.545496,0.543726,0.338457,0.551724
244.000000,0.541138,0.531165,0.532012,0.525967,0.548137,0.545431,0.551458,0.301254,0.545466
245.000000,0.544111,0.533655,0.532081,0.527951,0.544554,0.543564,0.549545,0.383077,0.546183
246.000000,0.545101,0.535017,0.531843,0.529105,0.549505,0.543692,0.543146,0.279329,0.541816
247.000000,0.541373,0.535206,0.531106,0.529559,0.523580,0.518127,0.519066,0.243963,0.521674
248.000000,0.535167,0.535826,0.530432,0.529844,0.523515,0.520188,0.524805,0.347295,0.520696
249.000000,0.528949,0.535043,0.529323,0.529905,0.522473,0.516517,0.520055,0.204581,0.514373
250.000000,0.521974,0.533042,0.528179,0.529818,0.515307,0.509885,0.511875,0.391523,0.511310
251.000000,0.515899,0.530500,0.527224,0.529579,0.514135,0.511688,0.515437,0.186075,0.511440
252.000000,0.513200,0.527286,0.526243,0.529185,0.507817,0.507116,0.510094,0.294535,0.508181
253.000000,0.512313,0.523740,0.525963,0.528764,0.508859,0.512267,0.513326,0.191048,0.516264
254.000000,0.511649,0.520299,0.525732,0.528108,0.514591,0.515004,0.517153,0.278942,0.511049
255.000000,0.510840,0.516407,0.525031,0.526856,0.511660,0.509241,0.509896,0.227290,0.507268
256.000000,0.509015,0.512457,0.523737,0.525381,0.500391,0.502544,0.505278,0.366713,0.502314
257.000000,0.507894,0.510547,0.522877,0.524253,0.503778,0.500998,0.507465,0.224387,0.502575
258.000000,0.504361,0.508337,0.522081,0.523067,0.502866,0.498937,0.500726,0.246142,0.498599
259.000000,0.498651,0.505150,0.520096,0.521265,0.497590,0.492047,0.487201,0.363854,0.482498
260.000000,0.495352,0.503096,0.518069,0.519818,0.485735,0.485865,0.489445,0.242644,0.490776
261.000000,0.493658,0.501336,0.515918,0.518595,0.491011,0.493915,0.496240,0.511776,0.493840
262.000000,0.491572,0.499733,0.513510,0.517407,0.490620,0.488763,0.495580,0.177310,0.492145
263.000000,0.490268,0.497314,0.510527,0.516414,0.490229,0.488248,0.495118,0.240420,0.492080
264.000000,0.492497,0.495574,0.507936,0.515679,0.493421,0.490051,0.498549,0.174014,0.493644
265.000000,0.493227,0.494290,0.505348,0.514784,0.493421,0.491854,0.499274,0.162977,0.494427
266.000000,0.492901,0.493279,0.502868,0.513585,0.490946,0.487604,0.496042,0.293220,0.492210
267.000000,0.491493,0.491532,0.501040,0.512429,0.488601,0.484931,0.489510,0.357846,0.485105
268.000000,0.488156,0.489212,0.498775,0.511125,0.484823,0.483289,0.480868,0.547553,0.475393
269.000000,0.484858,0.488677,0.496913,0.509623,0.476681,0.472728,0.480142,0.593278,0.477153
270.000000,0.480282,0.486754,0.494925,0.507631,0.473619,0.472793,0.475722,0.368308,0.471547
271.000000,0.478730,0.485816,0.493576,0.505884,0.476355,0.481679,0.479166,0.661603,0.484453
272.000000,0.479173,0.485333,0.492533,0.504118,0.478765,0.485221,0.483111,0.608893,0.487322
273.000000,0.479499,0.483828,0.490571,0.501627,0.485149,0.484320,0.481462,0.389055,0.477022
274.000000,0.480034,0.482446,0.489010,0.499439,0.460526,0.477816,0.465233,0.349454,0.479825
275.000000,0.481618,0.480950,0.487620,0.497216,0.482348,0.477558,0.477636,0.310189,0.479467
276.000000,0.483782,0.481256,0.487268,0.495664,0.481892,0.490308,0.485156,0.270566,0.495274
277.000000,0.484994,0.482084,0.486808,0.494721,0.499674,0.502286,0.498549,0.264989,0.493384
278.000000,0.488097,0.483798,0.486505,0.493782,0.492770,0.491468,0.494953,0.179128,0.492536
279.000000,0.491930,0.485982,0.487330,0.493270,0.492705,0.496168,0.498087,0.178998,0.498990
280.000000,0.496161,0.488889,0.487822,0.492913,0.498828,0.496941,0.503803,0.104663,0.500619
281.000000,0.497477,0.490630,0.488223,0.492594,0.497850,0.496941,0.501583,0.125794,0.501858
282.000000,0.499329,0.492162,0.488747,0.492409,0.500000,0.499195,0.505990,0.130804,0.502640
283.000000,0.500189,0.494143,0.488985,0.491762,0.502475,0.498487,0.502243,0.252637,0.496839
284.000000,0.497868,0.494899,0.488673,0.490973,0.493682,0.493850,0.492941,0.276359,0.487387
285.000000,0.493905,0.495033,0.487991,0.490091,0.486451,0.483354,0.485156,0.240996,0.480803
286.000000,0.489629,0.493553,0.487405,0.489363,0.481371,0.481808,0.485354,0.254465,0.480477
287.000000,0.485992,0.492660,0.487372,0.488759,0.481436,0.482581,0.486212,0.394283,0.484453
288.000000,0.482133,0.491161,0.487480,0.488057,0.483129,0.482388,0.482254,0.202128,0.477544
289.000000,0.479278,0.488573,0.487278,0.487744,0.477527,0.473759,0.474073,0.329110,0.473111
290.000000,0.478496,0.486200,0.487545,0.487281,0.471665,0.471634,0.475656,0.276247,0.476892
291.000000,0.478639,0.484134,0.487382,0.486860,0.476746,0.476335,0.481000,0.235314,0.481194
292.000000,0.478365,0.482178,0.487170,0.486558,0.476681,0.477751,0.480077,0.255466,0.483085
293.000000,0.481937,0.482035,0.488089,0.486669,0.489578,0.490887,0.495448,0.288378,0.495404
294.000000,0.486943,0.483111,0.489005,0.486819,0.493551,0.495653,0.499472,0.368088,0.498142
295.000000,0.491637,0.485066,0.490050,0.487016,0.496548,0.497070,0.500660,0.263105,0.500359
296.000000,0.495743,0.487191,0.490372,0.487334,0.500521,0.499324,0.505542,0.279030,0.501727
297.000000,0.499159,0.488762,0.490711,0.487835,0.501889,0.497456,0.503694,0.151749,0.500163
298.000000,0.499042,0.490490,0.490825,0.488483,0.499283,0.497070,0.499208,0.189553,0.494818
299.000000,0.498559,0.492751,0.490662,0.489102,0.493030,0.489729,0.494788,0.184844,0.495730
300.000000,0.495978,0.493807,0.490004,0.489632,0.497134,0.491468,0.493007,0.313014,0.487452
301.000000,0.493879,0.494811,0.489473,0.489858,0.488927,0.488827,0.491226,0.214231,0.491233
302.000000,0.493266,0.496213,0.489196,0.490184,0.494007,0.492434,0.500330,0.140561,0.497099
303.000000,0.493266,0.496154,0.489095,0.490777,0.495831,0.491725,0.495712,0.238196,0.494818
304.000000,0.492823,0.495691,0.489401,0.491234,0.493486,0.488988,0.494129,0.347770,0.493514
305.000000,0.495613,0.495796,0.490431,0.491965,0.491988,0.496297,0.497163,0.358596,0.501401
306.000000,0.498338,0.496108,0.491650,0.492284,0.506449,0.500676,0.507983,0.426326,0.504856
307.000000,0.499355,0.496311,0.492536,0.492578,0.505928,0.500161,0.506663,0.217124,0.502184
308.000000,0.500176,0.496721,0.493605,0.492791,0.503973,0.498487,0.503529,0.233285,0.498924
309.000000,0.499276,0.496050,0.494401,0.492458,0.500782,0.495074,0.494590,0.251687,0.489016
310.000000,0.495365,0.495489,0.494648,0.491832,0.487689,0.482942,0.483045,0.287172,0.481846
311.000000,0.490646,0.494492,0.494652,0.491146,0.483194,0.482066,0.485420,0.132417,0.481259
312.000000,0.486709,0.493032,0.494622,0.490474,0.481305,0.481293,0.486542,0.200763,0.482498
313.000000,0.481650,0.490913,0.493534,0.489701,0.484758,0.482967,0.476646,0.517465,0.473633
314.000000,0.478065,0.488671,0.492181,0.489158,0.473749,0.472471,0.473347,0.480644,0.471091
315.000000,0.475797,0.485581,0.490688,0.488814,0.469711,0.471119,0.474601,0.262233,0.470504
316.000000,0.471586,0.481116,0.488612,0.488139,0.475638,0.470925,0.465365,0.311447,0.460205
317.000000,0.463203,0.474956,0.485633,0.486676,0.458312,0.454440,0.445375,0.722926,0.440584
318.000000,0.458601,0.470126,0.483424,0.485779,0.441636,0.446519,0.442077,0.751722,0.450623
319.000000,0.455029,0.466547,0.481298,0.485116,0.443525,0.448902,0.449202,0.406166,0.453230
320.000000,0.450062,0.462929,0.479209,0.484075,0.451472,0.452444,0.448740,0.381647,0.445668
321.000000,0.445303,0.458445,0.476468,0.482583,0.441376,0.438470,0.440362,0.294947,0.436412
322.000000,0.444860,0.454032,0.473532,0.481092,0.437858,0.437246,0.439504,0.202936,0.438368
323.000000,0.443113,0.450857,0.470885,0.479308,0.440203,0.437504,0.438316,0.183900,0.441888
324.000000,0.442070,0.448550,0.468610,0.477637,0.444307,0.443235,0.446431,0.169403,0.448015
325.000000,0.443283,0.446672,0.466127,0.476016,0.447694,0.448258,0.452797,0.146650,0.451731
326.000000,0.446516,0.445910,0.463513,0.474378,0.451081,0.448242,0.453958,0.110852,0.452578
327.000000,0.451587,0.448224,0.461590,0.473163,0.452124,0.458819,0.455865,0.229118,0.463725
328.000000,0.456294,0.449703,0.459915,0.472183,0.462220,0.461330,0.467740,0.183527,0.465419
329.000000,0.459123,0.450596,0.458572,0.471064,0.468278,0.463649,0.465167,0.159188,0.462160
330.000000,0.460544,0.451913,0.457421,0.470111,0.461308,0.457080,0.463782,0.113662,0.458836
331.000000,0.462265,0.454390,0.456417,0.469109,0.460005,0.456823,0.459032,0.170907,0.461182
332.000000,0.461860,0.456724,0.455378,0.467929,0.460917,0.459721,0.464573,0.168843,0.461704
333.000000,0.460544,0.458419,0.454638,0.466730,0.460201,0.456114,0.461077,0.311413,0.458836
334.000000,0.460257,0.459690,0.454120,0.465637,0.461243,0.458755,0.445573,0.415079,0.460726
335.000000,0.459188,0.459866,0.453269,0.464040,0.460331,0.457209,0.458636,0.236481,0.453491
336.000000,0.457878,0.460071,0.452990,0.462366,0.450690,0.450190,0.451643,0.172043,0.454631
337.000000,0.454905,0.458383,0.453303,0.460521,0.452058,0.448503,0.451841,0.219488,0.446842
338.000000,0.454866,0.457705,0.453704,0.459178,0.448411,0.453474,0.451247,0.230670,0.458640
339.000000,0.452897,0.456577,0.453587,0.457907,0.456032,0.454633,0.455469,0.258053,0.450883
340.000000,0.452924,0.456056,0.453984,0.456966,0.450951,0.450254,0.455205,0.200137,0.453621
341.000000,0.454442,0.456160,0.455275,0.456332,0.455315,0.457273,0.457316,0.186983,0.462225
342.000000,0.457102,0.456004,0.456364,0.455586,0.461438,0.457273,0.464441,0.115589,0.460139
343.000000,0.456385,0.455625,0.457022,0.454967,0.459745,0.455277,0.460285,0.159350,0.455055
344.000000,0.456789,0.454843,0.457266,0.454361,0.454664,0.450383,0.456657,0.205347,0.452904
345.000000,0.455603,0.454263,0.457064,0.453600,0.452840,0.447679,0.449861,0.149832,0.447689
346.000000,0.454873,0.454657,0.457364,0.453546,0.447108,0.453474,0.451247,0.171279,0.458575
347.000000,0.452174,0.454638,0.456510,0.453748,0.458116,0.453152,0.447948,0.240314,0.446646
348.000000,0.452448,0.454416,0.456061,0.453942,0.449453,0.451413,0.452962,0.141717,0.456424
349.000000,0.454873,0.455831,0.456204,0.454335,0.454924,0.459592,0.460087,0.190267,0.465028
350.000000,0.457897,0.456750,0.456403,0.454906,0.464369,0.459785,0.465959,0.147882,0.462812
351.000000,0.459618,0.457245,0.456703,0.455932,0.465086,0.463842,0.469061,0.220881,0.467179
352.000000,0.464064,0.458119,0.457061,0.456949,0.465933,0.464937,0.470511,0.156699,0.468874
353.000000,0.467245,0.459846,0.457736,0.457963,0.469125,0.466740,0.472028,0.142759,0.472329
354.000000,0.468105,0.461489,0.458166,0.458674,0.471665,0.466675,0.473809,0.237668,0.469331
355.000000,0.469344,0.463620,0.458942,0.459250,0.469385,0.465387,0.468465,0.269168,0.469005
356.000000,0.468457,0.464038,0.459348,0.459589,0.466324,0.463649,0.466750,0.218933,0.462747
357.000000,0.466280,0.465172,0.459905,0.459397,0.460266,0.456984,0.461341,0.231127,0.457988
358.000000,0.462434,0.464839,0.459628,0.458987,0.459614,0.454955,0.456261,0.236208,0.453100
359.000000,0.459592,0.463849,0.459840,0.458752,0.451407,0.450641,0.457184,0.154465,0.455120
360.000000,0.457845,0.463594,0.460172,0.458800,0.455446,0.457531,0.459295,0.230480,0.460270
361.000000,0.456593,0.462525,0.459885,0.458644,0.455771,0.451542,0.457811,0.188811,0.456489
362.000000,0.456854,0.461567,0.459843,0.458563,0.455120,0.454279,0.459493,0.221064,0.459292
363.000000,0.458653,0.460544,0.460195,0.458672,0.458442,0.458304,0.462726,0.208112,0.462095
364.000000,0.460778,0.460185,0.460837,0.458839,0.462415,0.462135,0.467278,0.215336,0.465745
365.000000,0.461156,0.459501,0.461561,0.459128,0.465477,0.461073,0.463782,0.220780,0.462160
366.000000,0.463881,0.460237,0.462137,0.459644,0.461047,0.465645,0.464969,0.237806,0.470113
367.000000,0.466254,0.461554,0.463363,0.460455,0.469385,0.466804,0.471236,0.185707,0.471156
368.000000,0.467349,0.463001,0.463920,0.460752,0.470036,0.465420,0.466816,0.198962,0.467571
369.000000,0.467740,0.464259,0.464054,0.461313,0.469776,0.464486,0.470313,0.252572,0.467701
370.000000,0.469422,0.465289,0.464442,0.461878,0.466714,0.465452,0.470972,0.112980,0.470569
371.000000,0.467662,0.465771,0.464148,0.461847,0.468213,0.463649,0.465299,0.174799,0.461313
372.000000,0.465576,0.465915,0.463741,0.461867,0.461894,0.460364,0.465299,0.152766,0.460726
373.000000,0.463972,0.465661,0.463102,0.462017,0.459419,0.454955,0.460879,0.111746,0.459553
374.000000,0.462238,0.464989,0.462587,0.462221,0.457921,0.454891,0.462396,0.155019,0.459031
375.000000,0.460622,0.465022,0.462261,0.462714,0.461503,0.461717,0.465497,0.219363,0.462486
376.000000,0.460909,0.464285,0.462261,0.462853,0.462350,0.459205,0.466750,0.196075,0.462747
377.000000,0.461404,0.463490,0.462522,0.463405,0.460982,0.458368,0.465827,0.155115,0.463203
378.000000,0.463829,0.463901,0.463451,0.463914,0.464760,0.466611,0.470115,0.108856,0.471677
379.000000,0.466071,0.464155,0.464207,0.464088,0.470558,0.465452,0.473084,0.132425,0.470243
380.000000,0.466202,0.463412,0.464350,0.464098,0.469581,0.465065,0.466948,0.191482,0.463138
381.000000,0.466971,0.463940,0.464856,0.464079,0.464304,0.461266,0.464771,0.438307,0.466593
382.000000,0.465758,0.463581,0.464748,0.463688,0.459875,0.455986,0.462198,0.195217,0.457141
383.000000,0.463321,0.463575,0.464618,0.463260,0.455576,0.454569,0.460087,0.200019,0.459488
384.000000,0.462199,0.464135,0.464562,0.463103,0.464760,0.460558,0.467245,0.117062,0.464637
385.000000,0.462499,0.464350,0.464686,0.462958,0.464565,0.462125,0.468399,0.115753,0.464637
386.000000,0.461769,0.464370,0.464328,0.462964,0.464695,0.460943,0.466288,0.119947,0.462942
387.000000,0.463073,0.464416,0.463953,0.463153,0.459484,0.460139,0.465365,0.185442,0.463659
388.000000,0.465641,0.464481,0.464191,0.463794,0.465477,0.469766,0.468993,0.195694,0.472329
389.000000,0.468379,0.465289,0.464722,0.464568,0.470362,0.473050,0.474218,0.228112,0.478326
390.000000,0.472668,0.467584,0.465498,0.465428,0.478504,0.481422,0.484629,0.189917,0.486083
391.000000,0.477700,0.469735,0.466837,0.466482,0.485539,0.483611,0.486674,0.260981,0.488104
392.000000,0.483215,0.473144,0.468363,0.467547,0.487884,0.488699,0.493423,0.240031,0.491233
393.000000,0.486591,0.476116,0.469846,0.468451,0.488731,0.486767,0.491490,0.242740,0.489212
394.000000,0.488886,0.478632,0.471384,0.469252,0.489513,0.485865,0.489181,0.167345,0.489799
395.000000,0.490098,0.481383,0.472867,0.470252,0.489252,0.488763,0.494524,0.201922,0.492145
396.000000,0.491337,0.484519,0.474444,0.471058,0.494398,0.490824,0.496306,0.216882,0.494296
397.000000,0.489486,0.486350,0.475383,0.471419,0.485279,0.486123,0.485552,0.312798,0.481976
398.000000,0.488351,0.487471,0.475976,0.471951,0.480133,0.480907,0.483903,0.240665,0.483541
399.000000,0.487087,0.487986,0.476638,0.472477,0.484171,0.479104,0.486278,0.255070,0.483476
400.000000,0.484675,0.487387,0.477485,0.472794,0.481371,0.477301,0.483045,0.281628,0.480086
401.000000,0.481755,0.486546,0.478140,0.473407,0.479091,0.479619,0.484497,0.216864,0.479695
402.000000,0.480816,0.485151,0.479147,0.473959,0.482348,0.476850,0.481726,0.230056,0.477283
403.000000,0.479734,0.484043,0.480080,0.474578,0.478765,0.474081,0.481000,0.362798,0.478130
404.000000,0.478691,0.482889,0.480761,0.475219,0.480003,0.476045,0.483441,0.188449,0.478261
405.000000,0.478117,0.481396,0.481390,0.475710,0.477137,0.473501,0.481264,0.243510,0.477218
406.000000,0.478052,0.479904,0.482211,0.476264,0.470623,0.474596,0.476646,0.230766,0.479369
407.000000,0.478535,0.479675,0.483013,0.476814,0.479026,0.474918,0.483969,0.131341,0.479695
408.000000,0.478548,0.479141,0.483306,0.477031,0.481696,0.476206,0.480868,0.185952,0.478196
409.000000,0.479121,0.478906,0.483446,0.477394,0.481631,0.478588,0.486113,0.154844,0.481129
410.000000,0.479512,0.478815,0.483101,0.477928,0.481892,0.476399,0.482715,0.137265,0.479173
411.000000,0.480327,0.479190,0.482868,0.478490,0.478179,0.478073,0.484035,0.124303,0.483443
412.000000,0.481696,0.480115,0.482633,0.479470,0.482543,0.481035,0.487201,0.151685,0.486539
413.000000,0.483652,0.481100,0.482571,0.480420,0.485018,0.484191,0.489642,0.136369,0.487973
414.000000,0.486050,0.482586,0.482737,0.481369,0.490685,0.489343,0.494392,0.139935,0.493123
415.000000,0.489766,0.484639,0.483018,0.482473,0.490946,0.493850,0.497229,0.167489,0.497751
416.000000,0.492758,0.486543,0.483223,0.483655,0.496743,0.492949,0.501319,0.132811,0.498403
417.000000,0.495287,0.488492,0.484084,0.484839,0.494659,0.493850,0.500924,0.148255,0.499185
418.000000,0.497490,0.490571,0.484856,0.485728,0.500782,0.498551,0.504684,0.154303,0.498990
419.000000,0.498924,0.492487,0.485697,0.486460,0.498828,0.496490,0.504024,0.178499,0.500293
420.000000,0.499133,0.494450,0.486632,0.486884,0.501759,0.497134,0.501385,0.131946,0.498794
421.000000,0.499329,0.496043,0.487617,0.487260,0.499414,0.495975,0.503035,0.166294,0.499381
422.000000,0.499159,0.497223,0.488669,0.487496,0.498502,0.492949,0.500396,0.191414,0.498338
423.000000,0.498357,0.497924,0.489512,0.487689,0.495180,0.491403,0.498944,0.145069,0.494981
424.000000,0.496962,0.497943,0.490265,0.487806,0.494528,0.490373,0.497361,0.127344,0.493319
425.000000,0.496298,0.497715,0.491177,0.487917,0.494333,0.491210,0.496767,0.164589,0.495470
426.000000,0.497484,0.498406,0.492474,0.488284,0.494463,0.499710,0.500792,0.215365,0.505313
427.000000,0.501239,0.500199,0.494345,0.489455,0.505016,0.511044,0.511413,0.330201,0.517111
428.000000,0.506303,0.502330,0.496451,0.490681,0.514591,0.516196,0.520385,0.267521,0.520305
429.000000,0.511766,0.504364,0.498426,0.491919,0.518760,0.517870,0.522364,0.204179,0.520631
430.000000,0.517867,0.507082,0.500766,0.493449,0.519476,0.521734,0.524212,0.274948,0.525976
431.000000,0.524959,0.511222,0.503632,0.495485,0.523319,0.538412,0.528500,0.436271,0.540773
432.000000,0.529535,0.515387,0.506305,0.497575,0.544945,0.538734,0.541892,0.316764,0.539991
433.000000,0.533120,0.519712,0.508818,0.499578,0.538497,0.535450,0.542156,0.216249,0.538231
434.000000,0.534763,0.523264,0.510604,0.501265,0.537650,0.534484,0.535097,0.235021,0.528844
435.000000,0.535532,0.526700,0.512207,0.503018,0.528465,0.525404,0.533052,0.168552,0.529822
436.000000,0.530630,0.527795,0.513101,0.504248,0.527358,0.523086,0.521045,0.306960,0.516264
437.000000,0.526967,0.528251,0.514225,0.505647,0.519411,0.516196,0.519330,0.263478,0.521674
438.000000,0.522965,0.528043,0.515186,0.506981,0.516545,0.514650,0.520649,0.219633,0.518219
439.000000,0.521433,0.528098,0.516231,0.508316,0.518304,0.516711,0.523750,0.282059,0.521185
440.000000,0.518982,0.527257,0.517170,0.509596,0.520844,0.515230,0.522694,0.285184,0.517567
441.000000,0.520572,0.525601,0.518411,0.510955,0.519346,0.521218,0.525267,0.327075,0.524216
442.000000,0.521772,0.524369,0.519878,0.512326,0.519541,0.523859,0.526191,0.239379,0.527671
443.000000,0.524184,0.523574,0.521643,0.513737,0.529508,0.526434,0.533778,0.271632,0.530278
444.000000,0.523916,0.522675,0.522969,0.514627,0.527228,0.523601,0.525927,0.243985,0.519849
445.000000,0.526211,0.522596,0.524648,0.515670,0.520584,0.522893,0.525861,0.428330,0.529040
446.000000,0.526941,0.523757,0.525776,0.516653,0.527163,0.524825,0.530215,0.249622,0.527867
447.000000,0.527795,0.524783,0.526517,0.517744,0.528335,0.532037,0.533975,0.239392,0.531941
448.000000,0.524744,0.524464,0.526253,0.518279,0.526446,0.523730,0.520319,0.281619,0.515025
449.000000,0.524875,0.524395,0.526247,0.518952,0.518955,0.518900,0.524607,0.220393,0.520501
450.000000,0.522463,0.524337,0.525797,0.519559,0.514982,0.518836,0.500990,0.446547,0.516981
451.000000,0.520051,0.523496,0.524549,0.520106,0.508012,0.513620,0.511677,0.259481,0.515807
452.000000,0.515690,0.521742,0.523056,0.520500,0.518304,0.515358,0.513128,0.331934,0.510136
453.000000,0.516185,0.520465,0.522019,0.521250,0.510227,0.512911,0.513392,0.190102,0.517502
454.000000,0.516433,0.520654,0.521664,0.522198,0.521235,0.515552,0.524080,0.156090,0.521739
455.000000,0.516668,0.519565,0.521081,0.522954,0.522733,0.517097,0.523090,0.152418,0.518154
456.000000,0.519366,0.519709,0.521733,0.523753,0.523254,0.525919,0.527642,0.197414,0.529301
457.000000,0.524646,0.520168,0.522476,0.524401,0.528009,0.530749,0.534503,0.151251,0.536536
458.000000,0.528023,0.522104,0.523284,0.524870,0.535565,0.533132,0.539187,0.160663,0.534385
459.000000,0.529705,0.523069,0.523732,0.525187,0.534458,0.530813,0.532722,0.248971,0.530148
460.000000,0.532755,0.524712,0.524524,0.525435,0.528530,0.528688,0.533184,0.215743,0.533407
461.000000,0.533225,0.526296,0.524896,0.525131,0.531201,0.529075,0.531798,0.232007,0.531647
462.000000,0.535180,0.529913,0.525828,0.525342,0.539018,0.540151,0.543080,0.423802,0.546314
463.000000,0.538844,0.533433,0.526949,0.525824,0.547876,0.547363,0.553041,0.260677,0.552702
464.000000,0.543980,0.536842,0.528748,0.526724,0.551589,0.549810,0.558055,0.246634,0.555831
465.000000,0.549117,0.540936,0.530251,0.527699,0.558429,0.554962,0.562409,0.216346,0.559090
466.000000,0.555257,0.544241,0.531975,0.529235,0.558233,0.556378,0.563993,0.137834,0.562349
467.000000,0.557591,0.546386,0.533277,0.530446,0.560709,0.556378,0.561222,0.133575,0.557982
468.000000,0.559103,0.548973,0.535539,0.531847,0.557582,0.554060,0.560892,0.148129,0.560263
469.000000,0.560433,0.552207,0.537638,0.533224,0.560188,0.556314,0.564784,0.106999,0.562480
470.000000,0.560211,0.554664,0.539688,0.534571,0.560644,0.555606,0.563960,0.151143,0.557982
471.000000,0.558738,0.556998,0.541647,0.535596,0.559862,0.554704,0.559902,0.182454,0.554983
472.000000,0.557721,0.557656,0.543785,0.536437,0.554911,0.550647,0.558847,0.181669,0.552897
473.000000,0.555296,0.557200,0.545316,0.537033,0.551133,0.546397,0.553173,0.188847,0.548139
474.000000,0.551933,0.556183,0.546513,0.537893,0.549700,0.543821,0.549809,0.208691,0.545662
475.000000,0.549560,0.554886,0.547911,0.538462,0.543968,0.541052,0.545718,0.214854,0.546118
476.000000,0.547533,0.553135,0.548688,0.539028,0.541884,0.540923,0.544333,0.185029,0.544847
477.000000,0.545343,0.551532,0.548959,0.539362,0.550938,0.544658,0.546444,0.164955,0.541946
478.000000,0.544391,0.549844,0.549408,0.540307,0.544294,0.542147,0.547764,0.142023,0.543380
479.000000,0.544156,0.548044,0.550125,0.541107,0.540711,0.540923,0.547566,0.264106,0.544489
480.000000,0.544039,0.546799,0.550732,0.542058,0.544554,0.539893,0.549479,0.155546,0.545532
481.000000,0.545414,0.546474,0.551736,0.543256,0.547942,0.546783,0.553173,0.194853,0.551724
482.000000,0.547331,0.546337,0.551996,0.544635,0.551003,0.546268,0.554229,0.198955,0.551529
483.000000,0.550264,0.547327,0.552264,0.545987,0.551394,0.551484,0.556604,0.243731,0.558047
484.000000,0.554449,0.549303,0.552743,0.547443,0.556214,0.558954,0.561354,0.202557,0.565413
485.000000,0.559077,0.551558,0.553222,0.549127,0.562989,0.561916,0.568940,0.187570,0.568672
486.000000,0.564422,0.554918,0.554027,0.550765,0.570935,0.572316,0.577121,0.287121,0.578450
487.000000,0.570054,0.558692,0.555112,0.552203,0.572955,0.576277,0.577847,0.273992,0.579688
488.000000,0.573926,0.562095,0.555969,0.553637,0.573476,0.570803,0.573822,0.155205,0.577407
489.000000,0.576912,0.565680,0.556862,0.555310,0.574648,0.576534,0.580552,0.315802,0.580340
490.000000,0.578528,0.568803,0.557801,0.556755,0.583116,0.579496,0.582795,0.270642,0.576755
491.000000,0.576364,0.570393,0.558433,0.557955,0.572043,0.569129,0.574218,0.203613,0.567629
492.000000,0.575073,0.572564,0.559450,0.558852,0.571066,0.567776,0.573954,0.250238,0.573235
493.000000,0.573665,0.573796,0.560562,0.559441,0.569958,0.569451,0.572767,0.245175,0.570367
494.000000,0.574852,0.575882,0.562592,0.560456,0.571261,0.579496,0.577649,0.281175,0.586272
495.000000,0.579806,0.579167,0.565362,0.561870,0.586634,0.594372,0.593944,0.311071,0.601525
496.000000,0.586689,0.581527,0.568222,0.563193,0.598814,0.599137,0.606478,0.390589,0.602047
497.000000,0.593162,0.584118,0.571405,0.564781,0.601029,0.599137,0.606940,0.239507,0.605599
498.000000,0.599967,0.586816,0.574456,0.566252,0.607087,0.604740,0.611096,0.205460,0.604393
499.000000,0.600802,0.587827,0.576753,0.567184,0.592757,0.588254,0.594754,0.129314,0.590444
500.000000,0.598338,0.589072,0.578937,0.568225,0.593017,0.588254,0.595857,0.101966,0.589205
501.000000,0.595496,0.591092,0.580743,0.569320,0.586373,0.585743,0.591371,0.127632,0.587837
502.000000,0.591506,0.592334,0.582449,0.570412,0.585982,0.580849,0.591635,0.111352,0.585653
503.000000,0.586200,0.593084,0.583440,0.571402,0.586829,0.581428,0.584774,0.122794,0.577863
504.000000,0.583019,0.591911,0.583896,0.572365,0.581162,0.575568,0.578045,0.160792,0.574539
505.000000,0.580738,0.589538,0.584352,0.573421,0.572564,0.573379,0.578506,0.214084,0.577798
506.000000,0.576964,0.586230,0.583878,0.574225,0.579729,0.574441,0.574086,0.225259,0.568966
507.000000,0.574949,0.583228,0.583673,0.575346,0.566701,0.568871,0.571645,0.271486,0.575582
508.000000,0.575028,0.580614,0.583715,0.576508,0.581423,0.579368,0.584114,0.284798,0.578254
509.000000,0.575875,0.579447,0.583637,0.577651,0.577775,0.574796,0.581871,0.176292,0.578776
510.000000,0.574532,0.577635,0.583353,0.578503,0.579273,0.574667,0.576725,0.161839,0.571084
511.000000,0.574330,0.575647,0.583370,0.579044,0.577124,0.574409,0.573031,0.248522,0.567955
512.000000,0.570041,0.572495,0.582415,0.579131,0.556214,0.555155,0.556406,0.336053,0.554136
513.000000,0.565035,0.570031,0.581558,0.578970,0.553218,0.550840,0.557132,0.186051,0.553223
514.000000,0.560146,0.568011,0.579961,0.578601,0.550287,0.548780,0.550402,0.312615,0.554332
515.000000,0.557460,0.565996,0.577767,0.578234,0.565008,0.562560,0.563927,0.298026,0.557656
516.000000,0.555401,0.564865,0.575548,0.577541,0.555563,0.560049,0.560694,0.305382,0.557656
517.000000,0.560042,0.565041,0.574135,0.577462,0.557452,0.572477,0.563267,0.302354,0.577342
518.000000,0.564794,0.564914,0.572764,0.577448,0.576472,0.572735,0.578440,0.143587,0.576983
519.000000,0.569683,0.564914,0.572181,0.577396,0.577254,0.573057,0.576527,0.103099,0.578776
520.000000,0.572055,0.564758,0.571196,0.577155,0.575169,0.572078,0.575670,0.108293,0.569520
521.000000,0.571560,0.563480,0.569564,0.576740,0.573345,0.569258,0.561684,0.190232,0.555179
522.000000,0.568496,0.564269,0.568382,0.576366,0.555107,0.555670,0.561222,0.186232,0.562023
523.000000,0.564305,0.564549,0.567290,0.575888,0.554260,0.556314,0.560760,0.218114,0.556026
524.000000,0.562075,0.565879,0.566945,0.575267,0.559145,0.561788,0.559210,0.189127,0.567629
525.000000,0.561945,0.567000,0.566498,0.574178,0.567809,0.565780,0.571843,0.238936,0.568868
526.000000,0.567264,0.569412,0.567139,0.573502,0.571522,0.578852,0.576395,0.320759,0.581774
527.000000,0.573287,0.570892,0.567967,0.573054,0.584875,0.589993,0.588930,0.330199,0.592139
528.000000,0.584903,0.574604,0.569759,0.573377,0.599531,0.613111,0.604037,0.457662,0.614106
529.000000,0.593690,0.577883,0.571399,0.574081,0.609823,0.610922,0.614144,0.202722,0.611564
530.000000,0.603272,0.582609,0.573683,0.575001,0.612559,0.611243,0.615187,0.202508,0.616779
531.000000,0.610514,0.588889,0.576185,0.576005,0.616076,0.613816,0.619937,0.145686,0.617984
532.000000,0.616342,0.594815,0.579542,0.577193,0.618095,0.616885,0.624060,0.204389,0.621276
533.000000,0.615964,0.600433,0.582491,0.578338,0.617705,0.614206,0.618419,0.237279,0.612216
534.000000,0.616459,0.605075,0.585477,0.579655,0.612363,0.607573,0.616704,0.173407,0.614041
535.000000,0.615338,0.609305,0.588153,0.580767,0.613340,0.610149,0.615649,0.125123,0.611173
536.000000,0.614523,0.612519,0.590965,0.582265,0.610018,0.606800,0.616176,0.166186,0.613910
537.000000,0.613135,0.614738,0.592815,0.583557,0.613015,0.607831,0.610107,0.271874,0.614334
538.000000,0.614530,0.615247,0.594925,0.584922,0.612168,0.611823,0.616902,0.130363,0.619190
539.000000,0.617098,0.616779,0.597331,0.586525,0.620375,0.625411,0.626534,0.190808,0.626882
540.000000,0.620709,0.618024,0.600316,0.588463,0.625521,0.623285,0.632273,0.107080,0.629229
541.000000,0.623108,0.618816,0.603852,0.590395,0.626954,0.622641,0.630426,0.123143,0.625904
542.000000,0.625305,0.619220,0.607017,0.592768,0.623958,0.620967,0.628381,0.133851,0.625318
543.000000,0.628082,0.621306,0.610870,0.595429,0.623567,0.625797,0.629970,0.144478,0.633075
544.000000,0.629288,0.623193,0.614134,0.598049,0.629885,0.625797,0.633263,0.236812,0.632912
545.000000,0.629235,0.624972,0.617139,0.600426,0.630993,0.624380,0.634848,0.205489,0.628968
546.000000,0.630278,0.626693,0.619606,0.602875,0.628061,0.625153,0.634978,0.126096,0.631119
547.000000,0.629613,0.627459,0.621099,0.604363,0.626694,0.629789,0.627128,0.220935,0.621993
548.000000,0.628896,0.628489,0.621868,0.606113,0.622525,0.622963,0.627523,0.143962,0.629490
549.000000,0.626556,0.627922,0.622350,0.607528,0.621939,0.619937,0.627194,0.215931,0.621211
550.000000,0.626296,0.627765,0.622895,0.609466,0.623762,0.621804,0.627457,0.135374,0.627664
551.000000,0.626960,0.628619,0.623717,0.612108,0.631970,0.628693,0.632933,0.181901,0.634444
552.000000,0.628792,0.629203,0.624211,0.614412,0.633142,0.628051,0.635308,0.197938,0.631152
553.000000,0.633342,0.631119,0.626212,0.617619,0.636464,0.647112,0.644544,0.397893,0.652239
554.000000,0.639143,0.632850,0.628021,0.620372,0.646756,0.643828,0.651735,0.255276,0.650218
555.000000,0.642663,0.634479,0.629726,0.622919,0.647733,0.643634,0.648700,0.257269,0.645264
556.000000,0.645714,0.636337,0.631515,0.625183,0.644867,0.643441,0.650680,0.249252,0.649697
557.000000,0.649527,0.639160,0.633309,0.627119,0.652032,0.647885,0.651735,1.000000,0.650218
558.000000,0.647820,0.640581,0.634535,0.628106,0.648254,0.641381,0.650548,0.270559,0.643700
559.000000,0.644678,0.641911,0.634916,0.628870,0.641350,0.637292,0.641905,0.306255,0.634509
560.000000,0.638524,0.640594,0.634180,0.628794,0.633533,0.626312,0.621388,0.368820,0.614497
561.000000,0.632162,0.638938,0.633779,0.628791,0.618161,0.614334,0.623169,0.386815,0.617887
562.000000,0.625526,0.637527,0.633365,0.628650,0.614838,0.610664,0.618023,0.174813,0.617039
563.000000,0.621016,0.634418,0.632768,0.628947,0.621743,0.618455,0.626468,0.185680,0.621146
564.000000,0.617587,0.631132,0.631991,0.629058,0.616532,0.613304,0.623301,0.192602,0.617365
565.000000,0.617887,0.628205,0.631342,0.629219,0.615425,0.611630,0.620141,0.155558,0.615996
566.000000,0.615436,0.623799,0.630068,0.628943,0.616727,0.610857,0.612746,0.291889,0.605632
567.000000,0.612092,0.618809,0.628984,0.628476,0.602527,0.599910,0.602982,0.531097,0.600319
568.000000,0.605945,0.613480,0.627031,0.627517,0.601681,0.597580,0.597440,0.467923,0.590411
569.000000,0.600274,0.608930,0.625420,0.626254,0.592301,0.589475,0.595395,0.264873,0.589010
570.000000,0.595515,0.606701,0.623647,0.625020,0.587871,0.585872,0.593351,0.254750,0.592204
571.000000,0.594681,0.605058,0.621998,0.624205,0.590672,0.595209,0.597506,0.243253,0.601460
572.000000,0.594590,0.603341,0.620434,0.623357,0.601485,0.596883,0.606742,0.136216,0.599863
573.000000,0.595404,0.600675,0.617546,0.622070,0.598098,0.595660,0.600211,0.153553,0.594485
574.000000,0.596434,0.598354,0.614743,0.620779,0.594971,0.589929,0.599024,0.179498,0.594159
575.000000,0.597308,0.596412,0.612309,0.619699,0.592692,0.591345,0.598430,0.137319,0.596571
576.000000,0.594231,0.594456,0.609128,0.618197,0.591845,0.587160,0.591176,0.328285,0.586077
577.000000,0.592621,0.593605,0.606207,0.617191,0.589760,0.587224,0.595098,0.154203,0.591813
578.000000,0.591370,0.593387,0.603434,0.615816,0.592366,0.588705,0.594867,0.139598,0.588228
579.000000,0.590744,0.593589,0.601260,0.614810,0.588262,0.587095,0.590448,0.161831,0.591031
580.000000,0.589166,0.593237,0.599969,0.613511,0.589695,0.585228,0.591833,0.128499,0.588684
581.000000,0.589140,0.591686,0.598372,0.611894,0.587936,0.583167,0.588897,0.141964,0.585946
582.000000,0.586624,0.589623,0.596482,0.610163,0.585461,0.582008,0.585301,0.184914,0.579232
583.000000,0.585672,0.588521,0.594598,0.607871,0.576407,0.576599,0.582003,0.220921,0.583469
584.000000,0.583756,0.587250,0.592802,0.605579,0.578817,0.579947,0.585664,0.207344,0.581448
585.000000,0.584538,0.586852,0.591632,0.603823,0.582921,0.591538,0.585499,0.471008,0.592595
586.000000,0.585698,0.587419,0.590938,0.601891,0.596925,0.591281,0.598166,0.204420,0.591748
587.000000,0.588254,0.587439,0.590522,0.599951,0.591324,0.585743,0.593351,0.131094,0.592008
588.000000,0.590079,0.587876,0.590631,0.598248,0.588913,0.586580,0.594076,0.250696,0.592595
589.000000,0.591513,0.587634,0.590612,0.596718,0.592170,0.588383,0.592163,0.211535,0.588619
590.000000,0.593455,0.588997,0.591117,0.596312,0.588653,0.597592,0.596055,0.334793,0.602308
591.000000,0.598136,0.591917,0.591801,0.596220,0.610474,0.609891,0.612680,0.252567,0.615149
592.000000,0.604107,0.596180,0.592901,0.596381,0.615555,0.617554,0.622707,0.231785,0.621863
593.000000,0.609504,0.599791,0.594156,0.596329,0.616337,0.615172,0.622905,0.181840,0.619582
594.000000,0.615814,0.603663,0.595457,0.596422,0.619659,0.613304,0.622444,0.145558,0.620168
595.000000,0.620624,0.607040,0.596946,0.596768,0.623697,0.619679,0.626534,0.145967,0.626361
596.000000,0.621433,0.609784,0.598602,0.597220,0.625456,0.621354,0.622905,0.161208,0.619190
597.000000,0.620807,0.612457,0.599948,0.597834,0.619398,0.617812,0.625874,0.170214,0.618734
598.000000,0.620755,0.615129,0.601503,0.598797,0.619528,0.614463,0.624819,0.138577,0.619321
599.000000,0.619190,0.617502,0.602568,0.599575,0.620050,0.613304,0.619673,0.127810,0.612346
600.000000,0.615683,0.618154,0.603575,0.600129,0.611126,0.604675,0.612680,0.206795,0.608826
601.000000,0.614367,0.617900,0.604908,0.600501,0.608390,0.608281,0.614197,0.149416,0.612607
602.000000,0.612463,0.616635,0.606408,0.600813,0.612624,0.607250,0.616374,0.167130,0.609217
603.000000,0.610990,0.615872,0.607832,0.601395,0.609367,0.606221,0.612020,0.108505,0.611955
604.000000,0.611107,0.615149,0.609406,0.602021,0.610344,0.605705,0.615649,0.105150,0.612933
605.000000,0.612150,0.613917,0.610478,0.602603,0.612493,0.607187,0.613999,0.225274,0.614041
606.000000,0.612346,0.613356,0.611570,0.603520,0.615425,0.609891,0.618089,0.188821,0.613585
607.000000,0.613441,0.612952,0.612705,0.604283,0.609627,0.608152,0.616836,0.221624,0.614693
608.000000,0.614275,0.612633,0.613881,0.605213,0.613927,0.613246,0.620201,0.230677,0.616127
609.000000,0.614549,0.612828,0.615165,0.605988,0.613405,0.611437,0.619343,0.201979,0.614302
610.000000,0.616831,0.614491,0.616322,0.607214,0.618812,0.621225,0.625082,0.338581,0.625448
611.000000,0.618187,0.615266,0.616583,0.608361,0.622981,0.619229,0.627523,0.177793,0.620364
612.000000,0.620794,0.617118,0.616876,0.609978,0.620115,0.620967,0.624159,0.291609,0.627730
613.000000,0.626093,0.620184,0.618028,0.611949,0.629429,0.635327,0.633989,0.368104,0.642624
614.000000,0.632130,0.623339,0.619244,0.614051,0.642913,0.638933,0.648370,0.221887,0.644482
615.000000,0.633407,0.625119,0.619518,0.615359,0.644020,0.638225,0.637485,0.198108,0.631836
616.000000,0.634802,0.626494,0.619925,0.616545,0.625717,0.622577,0.629173,0.156846,0.627339
617.000000,0.635102,0.627948,0.620450,0.617786,0.625000,0.623672,0.632966,0.187808,0.629229
618.000000,0.632319,0.629206,0.620919,0.618989,0.630667,0.627246,0.635308,0.201376,0.628707
619.000000,0.628590,0.630360,0.621594,0.620230,0.631188,0.624960,0.632075,0.218368,0.625839
620.000000,0.624757,0.629082,0.621786,0.620576,0.623567,0.619872,0.619475,0.404708,0.612672
621.000000,0.622710,0.628756,0.622011,0.620641,0.617574,0.613047,0.623301,0.128691,0.617104
622.000000,0.620442,0.627772,0.622445,0.620508,0.616597,0.613884,0.623763,0.119146,0.617887
623.000000,0.616805,0.624562,0.622373,0.620206,0.617444,0.610728,0.617562,0.178629,0.610521
624.000000,0.614184,0.621387,0.622363,0.619958,0.609497,0.609505,0.615978,0.179911,0.612737
625.000000,0.613976,0.619366,0.622243,0.619467,0.614187,0.607573,0.617694,0.165378,0.611629
626.000000,0.610899,0.616805,0.621650,0.618885,0.604156,0.602292,0.608985,0.195645,0.601721
627.000000,0.608644,0.614543,0.621245,0.618481,0.606566,0.602775,0.611360,0.246031,0.606610
628.000000,0.608709,0.612757,0.620981,0.618199,0.611191,0.606607,0.615846,0.148720,0.610847
629.000000,0.609061,0.611622,0.620991,0.618270,0.613536,0.608346,0.618683,0.192993,0.614497
630.000000,0.610038,0.612007,0.620545,0.618527,0.610995,0.610793,0.614263,0.156975,0.616518
631.000000,0.613858,0.612379,0.620567,0.618800,0.616011,0.613369,0.616770,0.215128,0.620820
632.000000,0.616400,0.612522,0.620147,0.619137,0.615881,0.612918,0.620267,0.256173,0.619321
633.000000,0.620651,0.614680,0.619621,0.619809,0.626889,0.628308,0.632075,0.218670,0.632097
634.000000,0.626178,0.617619,0.619503,0.620782,0.640698,0.638869,0.646853,0.255723,0.642135
635.000000,0.630754,0.620396,0.619881,0.621627,0.647147,0.642347,0.646655,0.172104,0.639398
636.000000,0.633336,0.623597,0.620201,0.622299,0.640047,0.633524,0.640850,0.221812,0.633727
637.000000,0.636986,0.626693,0.620618,0.623061,0.635813,0.631142,0.639003,0.177152,0.637573
638.000000,0.639854,0.630252,0.621504,0.624072,0.639005,0.638869,0.645666,0.254060,0.646438
639.000000,0.641444,0.633811,0.622717,0.625265,0.638940,0.643313,0.646523,0.173827,0.650088
640.000000,0.643726,0.637240,0.624624,0.626110,0.640112,0.646017,0.646655,0.147466,0.650805
641.000000,0.645655,0.639495,0.625937,0.626877,0.651576,0.649559,0.650152,0.208853,0.643374
642.000000,0.647129,0.642057,0.627290,0.627450,0.647603,0.640737,0.647315,0.143416,0.644938
643.000000,0.643804,0.641829,0.628254,0.627023,0.641480,0.635005,0.633989,0.251021,0.629816
644.000000,0.639802,0.640623,0.629121,0.626543,0.627866,0.628308,0.634648,0.125318,0.630076
645.000000,0.634209,0.638967,0.629682,0.626243,0.625586,0.621354,0.628051,0.107512,0.622841
646.000000,0.630898,0.638277,0.630937,0.626226,0.627280,0.621998,0.629371,0.169938,0.626817
647.000000,0.628381,0.637755,0.632224,0.626330,0.624935,0.625797,0.630426,0.197874,0.632358
648.000000,0.628890,0.636347,0.633300,0.626452,0.630928,0.630562,0.635902,0.191107,0.632358
649.000000,0.628082,0.633942,0.633877,0.626459,0.631644,0.624928,0.631548,0.216499,0.626035
650.000000,0.629933,0.632071,0.634655,0.627106,0.627736,0.625320,0.633923,0.169818,0.632097
651.000000,0.630624,0.630761,0.635128,0.627545,0.630928,0.625990,0.634319,0.146792,0.630272
652.000000,0.631771,0.630076,0.636067,0.628218,0.636073,0.631593,0.639266,0.250723,0.638094
653.000000,0.631875,0.630383,0.636106,0.628964,0.640112,0.632816,0.636693,0.157274,0.632879
654.000000,0.633440,0.630761,0.635692,0.629668,0.631644,0.627278,0.636034,0.118441,0.633857
655.000000,0.634783,0.632358,0.635663,0.630574,0.639200,0.633589,0.644049,0.130663,0.638811
656.000000,0.635513,0.633068,0.635672,0.631647,0.635748,0.630755,0.638607,0.184035,0.633922
657.000000,0.634378,0.633075,0.635415,0.632508,0.630146,0.625604,0.626798,0.199019,0.632423
658.000000,0.635200,0.633538,0.634942,0.633379,0.631449,0.631335,0.634516,0.209361,0.636986
659.000000,0.636399,0.634919,0.634431,0.634224,0.637572,0.632752,0.642862,0.159812,0.639854
660.000000,0.636725,0.635754,0.633912,0.635022,0.636073,0.633460,0.641377,0.144483,0.640441
661.000000,0.638081,0.636797,0.633779,0.635684,0.640112,0.635332,0.646655,0.156234,0.640701
662.000000,0.638355,0.636367,0.633221,0.636167,0.638614,0.632687,0.636628,0.241813,0.633792
663.000000,0.636191,0.635695,0.633039,0.635969,0.627019,0.624895,0.629503,0.267867,0.626165
664.000000,0.627691,0.632045,0.631403,0.634476,0.621613,0.615816,0.604301,0.489839,0.597353
665.000000,0.615292,0.626009,0.629183,0.632445,0.576212,0.589864,0.556340,0.503441,0.578450
666.000000,0.603311,0.620696,0.626882,0.630680,0.590933,0.590444,0.587545,0.395803,0.580797
667.000000,0.596154,0.617254,0.625165,0.629361,0.593864,0.593921,0.588666,0.247347,0.598005
668.000000,0.593169,0.614680,0.624109,0.628188,0.603114,0.603838,0.606742,0.226460,0.611238
669.000000,0.597054,0.612372,0.623646,0.627078,0.609432,0.611437,0.613735,0.197109,0.616779
670.000000,0.604485,0.609889,0.622821,0.625904,0.615490,0.611759,0.614291,0.328424,0.615605
671.000000,0.607118,0.605215,0.621006,0.624257,0.601550,0.596497,0.598232,0.236617,0.593964
672.000000,0.608187,0.602171,0.619269,0.622871,0.600508,0.597141,0.604763,0.168954,0.603350
673.000000,0.608239,0.600704,0.618200,0.622261,0.605003,0.609376,0.610371,0.175968,0.611499
674.000000,0.605384,0.601219,0.616632,0.621342,0.601029,0.600876,0.606544,0.220900,0.602503
675.000000,0.605880,0.605182,0.615595,0.621183,0.612298,0.611243,0.611888,0.156652,0.618082
676.000000,0.607027,0.607073,0.613884,0.620279,0.615360,0.611243,0.605621,0.571241,0.599700
677.000000,0.608213,0.608200,0.612727,0.619510,0.600573,0.604482,0.606281,0.365174,0.609282
678.000000,0.609087,0.608663,0.611671,0.618960,0.605198,0.608539,0.612152,0.219717,0.615866
679.000000,0.611707,0.608546,0.610459,0.618612,0.614708,0.610471,0.620267,0.163437,0.615605
680.000000,0.612255,0.609067,0.609478,0.618237,0.618616,0.615043,0.620926,0.191833,0.620820
681.000000,0.616648,0.611838,0.608526,0.617950,0.619724,0.615816,0.623895,0.185574,0.621667
682.000000,0.615149,0.611681,0.606926,0.616739,0.622981,0.619679,0.607996,0.357393,0.601786
683.000000,0.609830,0.609458,0.605081,0.615286,0.595362,0.592376,0.594801,0.906306,0.589271
684.000000,0.606584,0.609145,0.605182,0.614136,0.593017,0.593857,0.598892,0.184780,0.599374
685.000000,0.600678,0.606466,0.605824,0.612552,0.588392,0.591088,0.594933,0.171313,0.591291
686.000000,0.595294,0.605971,0.606522,0.611247,0.590933,0.588911,0.597440,0.095099,0.594746
687.000000,0.592478,0.603813,0.606007,0.609756,0.588002,0.586889,0.589141,0.170227,0.587706
688.000000,0.595059,0.602444,0.605554,0.608596,0.594841,0.599137,0.595527,0.185187,0.602177
689.000000,0.593195,0.599889,0.604217,0.606936,0.597381,0.593341,0.596913,0.177161,0.590053
690.000000,0.592778,0.596728,0.602897,0.605228,0.589565,0.585872,0.590117,0.138502,0.589205
691.000000,0.594733,0.595013,0.603425,0.604022,0.595102,0.597656,0.596649,0.201414,0.604524
692.000000,0.599452,0.595965,0.603823,0.603272,0.604677,0.604160,0.608787,0.220666,0.611303
693.000000,0.597093,0.596076,0.602767,0.602079,0.600703,0.594694,0.585631,0.524877,0.590379
694.000000,0.598018,0.595607,0.602376,0.601990,0.594255,0.588963,0.590777,0.283942,0.594681
695.000000,0.597314,0.595046,0.600756,0.602231,0.596470,0.591410,0.592690,0.244466,0.585685
696.000000,0.594642,0.594687,0.600329,0.602577,0.593278,0.589929,0.593416,0.200049,0.591161
697.000000,0.589557,0.594505,0.599159,0.602173,0.586894,0.581943,0.586225,0.216684,0.585881
698.000000,0.586598,0.591845,0.597145,0.600984,0.586634,0.580205,0.578177,0.237191,0.575582
699.000000,0.584421,0.591220,0.595554,0.599885,0.575886,0.578273,0.580683,0.109604,0.583795
700.000000,0.582348,0.589831,0.593279,0.598542,0.578296,0.576083,0.581343,0.153303,0.575321
701.000000,0.577955,0.586298,0.590656,0.597716,0.575104,0.571544,0.573789,0.210890,0.569194
702.000000,0.577055,0.583306,0.589636,0.596984,0.569567,0.574957,0.575472,0.233984,0.581383
703.000000,0.579141,0.582869,0.589473,0.596135,0.584680,0.579110,0.587083,0.159251,0.586011
704.000000,0.581540,0.582980,0.589293,0.595911,0.581162,0.589220,0.584246,0.171788,0.595789
705.000000,0.585816,0.584082,0.589564,0.595198,0.595558,0.591925,0.598760,0.168240,0.596702
706.000000,0.589753,0.583854,0.589271,0.594837,0.597968,0.592343,0.595527,0.081865,0.588879
707.000000,0.594016,0.585535,0.590020,0.594618,0.591063,0.597656,0.598562,0.147702,0.602699
708.000000,0.599296,0.589218,0.590532,0.594503,0.605784,0.605641,0.610767,0.133360,0.612411
709.000000,0.602555,0.592047,0.591634,0.594385,0.612038,0.609827,0.614791,0.142397,0.612085
710.000000,0.605619,0.595717,0.592774,0.594092,0.607999,0.608342,0.613339,0.106480,0.612020
711.000000,0.612920,0.601336,0.593817,0.594216,0.611582,0.618456,0.617430,0.161023,0.625383
712.000000,0.619386,0.606701,0.595004,0.595324,0.623958,0.629918,0.613867,0.221797,0.635030
713.000000,0.620064,0.609680,0.596275,0.596208,0.629299,0.627407,0.622773,0.289510,0.615801
714.000000,0.623362,0.612959,0.597969,0.597182,0.618551,0.621482,0.623235,0.196539,0.628577
715.000000,0.626126,0.615872,0.599977,0.598333,0.627084,0.624573,0.631086,0.131012,0.625839
716.000000,0.625409,0.619164,0.601509,0.599235,0.626238,0.619671,0.623565,0.156727,0.621798
717.000000,0.622919,0.621152,0.603344,0.600398,0.623372,0.621933,0.628249,0.117395,0.622580
718.000000,0.625944,0.623004,0.606111,0.601356,0.629690,0.633924,0.634648,0.179724,0.630924
719.000000,0.626973,0.625168,0.608608,0.602812,0.630211,0.630305,0.635704,0.193466,0.633727
720.000000,0.629112,0.627619,0.611668,0.604389,0.630146,0.629274,0.636562,0.133779,0.636530
721.000000,0.632384,0.628896,0.615116,0.605510,0.640047,0.636680,0.642961,0.136889,0.638159
722.000000,0.633479,0.628199,0.617450,0.606069,0.635162,0.630949,0.635638,0.105468,0.628056
723.000000,0.631732,0.628838,0.619259,0.607129,0.626107,0.628887,0.625016,0.146565,0.622189
724.000000,0.629933,0.628453,0.620706,0.608131,0.620310,0.617168,0.620530,0.147571,0.624731
725.000000,0.626765,0.627938,0.621905,0.609298,0.626238,0.619100,0.625544,0.140665,0.620690
726.000000,0.624509,0.628447,0.623805,0.610488,0.622329,0.619808,0.625280,0.121125,0.626882
727.000000,0.625592,0.629535,0.625344,0.612074,0.626498,0.626376,0.632537,0.181864,0.633466
728.000000,0.628434,0.630083,0.626543,0.614102,0.635422,0.633138,0.639398,0.355425,0.636399
729.000000,0.630363,0.630148,0.627658,0.615788,0.635943,0.630690,0.638079,0.164338,0.634378
730.000000,0.631589,0.629177,0.628398,0.617504,0.628387,0.622513,0.628579,0.162362,0.626817
731.000000,0.631276,0.627893,0.628394,0.619375,0.628387,0.621225,0.631548,0.098521,0.625318
732.000000,0.630585,0.628088,0.628144,0.620996,0.625717,0.622642,0.631218,0.045611,0.630011
733.000000,0.630611,0.629522,0.629180,0.622680,0.629885,0.631850,0.633857,0.292744,0.636530
734.000000,0.631302,0.630832,0.629643,0.624081,0.639591,0.634168,0.640784,0.153023,0.637833
735.000000,0.634000,0.632794,0.630366,0.625535,0.637832,0.632945,0.644544,0.182533,0.640310
736.000000,0.633349,0.632312,0.630379,0.626641,0.641545,0.634233,0.626336,0.292599,0.622059
737.000000,0.637286,0.633935,0.631735,0.628208,0.624153,0.644343,0.630492,0.283442,0.649697
738.000000,0.639750,0.635180,0.632632,0.629422,0.648254,0.644472,0.649162,0.185163,0.648849
739.000000,0.639698,0.635500,0.632824,0.630272,0.641480,0.636165,0.640388,0.161980,0.637573
740.000000,0.634248,0.634124,0.631650,0.630307,0.628517,0.625861,0.612119,0.373978,0.613063
741.000000,0.633583,0.633466,0.630679,0.630085,0.612819,0.617876,0.616902,0.195978,0.618734
742.000000,0.623779,0.630533,0.629310,0.628940,0.608129,0.607122,0.604499,0.200983,0.600678
743.000000,0.617456,0.628603,0.629063,0.628988,0.603179,0.610278,0.609117,0.271623,0.617235
744.000000,0.613989,0.626843,0.628838,0.628710,0.621939,0.623575,0.627457,0.239162,0.620233
745.000000,0.615905,0.625077,0.628936,0.628603,0.625717,0.622931,0.618947,0.250801,0.622645
746.000000,0.615970,0.624777,0.628544,0.628512,0.623567,0.618198,0.618947,0.376112,0.619060
747.000000,0.616492,0.620136,0.627035,0.627869,0.616141,0.611437,0.610371,0.428574,0.603285
748.000000,0.613558,0.615507,0.625344,0.626923,0.606696,0.602292,0.604367,0.225772,0.602568
749.000000,0.612959,0.613474,0.624487,0.626374,0.608260,0.611372,0.611162,0.236560,0.617235
750.000000,0.607053,0.611479,0.622802,0.624927,0.604482,0.598815,0.594801,0.305268,0.593116
751.000000,0.603051,0.609510,0.621488,0.623623,0.593408,0.594114,0.600145,0.093556,0.599048
752.000000,0.602190,0.609341,0.619937,0.622654,0.597186,0.594243,0.602389,0.103738,0.598983
753.000000,0.602034,0.607796,0.618200,0.621974,0.601681,0.599717,0.607204,0.115112,0.601786
754.000000,0.597901,0.605430,0.616136,0.621035,0.601225,0.598612,0.603576,0.153073,0.596571
755.000000,0.597393,0.602223,0.613650,0.620031,0.592496,0.592440,0.597506,0.140318,0.590574
756.000000,0.593182,0.598116,0.611446,0.618402,0.578426,0.574087,0.578770,0.354014,0.577994
757.000000,0.589896,0.596043,0.608089,0.616705,0.582400,0.577758,0.583916,0.225065,0.582557
758.000000,0.585477,0.593755,0.604631,0.614814,0.575625,0.578595,0.581211,0.219357,0.579688
759.000000,0.580275,0.589088,0.601281,0.612687,0.569046,0.577988,0.575340,0.281140,0.570563
760.000000,0.574578,0.585985,0.598732,0.610530,0.575560,0.569000,0.568149,0.214350,0.562089
761.000000,0.572336,0.582759,0.596135,0.608578,0.563119,0.562947,0.563597,0.272641,0.566782
762.000000,0.569572,0.579734,0.594538,0.606536,0.571196,0.565136,0.570179,0.238464,0.568737
763.000000,0.563366,0.574421,0.591109,0.603607,0.578817,0.572220,0.552540,0.371048,0.548660
764.000000,0.559677,0.569976,0.587703,0.600750,0.551199,0.549552,0.553503,0.308890,0.552115
765.000000,0.557695,0.566136,0.584180,0.597812,0.536282,0.549359,0.543146,0.366738,0.552180
766.000000,0.556600,0.564468,0.581292,0.595787,0.559927,0.558761,0.561816,0.359279,0.561306
767.000000,0.552624,0.561098,0.578570,0.592426,0.555628,0.552193,0.548357,0.417472,0.548856
768.000000,0.549782,0.556574,0.575165,0.588612,0.550352,0.548876,0.540111,0.570103,0.534450
769.000000,0.549873,0.554775,0.571931,0.585779,0.544359,0.546719,0.547566,0.297338,0.552572
770.000000,0.549782,0.553738,0.569862,0.583734,0.551003,0.553030,0.557461,0.256416,0.551724
771.000000,0.550121,0.553360,0.568059,0.581876,0.555302,0.558375,0.557132,0.197097,0.563001
772.000000,0.553406,0.553015,0.566374,0.580697,0.560969,0.567004,0.566961,0.259430,0.565283
773.000000,0.560055,0.554918,0.564670,0.579045,0.567809,0.566038,0.567753,0.299736,0.567694
774.000000,0.566678,0.558275,0.564126,0.577894,0.570675,0.579191,0.574185,0.347861,0.585685
775.000000,0.572935,0.561358,0.563747,0.576573,0.584810,0.580849,0.586687,0.193090,0.583013
776.000000,0.576507,0.563314,0.563891,0.575299,0.575821,0.578209,0.581079,0.223333,0.580862
777.000000,0.580001,0.566704,0.563901,0.574615,0.582530,0.579561,0.574812,0.294755,0.582752
778.000000,0.579010,0.569533,0.563053,0.573287,0.581553,0.577114,0.563861,0.539166,0.562740
779.000000,0.577316,0.571997,0.563386,0.571953,0.571652,0.572413,0.573690,0.427217,0.577211
780.000000,0.578293,0.575614,0.564676,0.571779,0.575886,0.583875,0.573954,0.391469,0.587902
781.000000,0.583769,0.580138,0.566749,0.572086,0.580055,0.604096,0.587479,0.447849,0.608239
782.000000,0.585242,0.582622,0.567818,0.571790,0.605980,0.602003,0.596649,0.303464,0.590118
783.000000,0.589140,0.584075,0.569497,0.571138,0.575560,0.583103,0.582663,0.274990,0.582231
784.000000,0.592530,0.584923,0.571599,0.571058,0.592236,0.587868,0.590497,0.236871,0.594159
785.000000,0.593208,0.585751,0.573555,0.571082,0.600899,0.594823,0.594340,0.338284,0.591291
786.000000,0.591695,0.587732,0.575523,0.571838,0.597186,0.593663,0.595111,0.333968,0.600678
787.000000,0.592699,0.588971,0.577837,0.572257,0.599075,0.593277,0.598496,0.199108,0.595137
788.000000,0.597914,0.593527,0.581530,0.573211,0.595558,0.604456,0.599090,0.231162,0.608305
789.000000,0.598983,0.595756,0.583877,0.574176,0.612298,0.608217,0.603972,0.220427,0.599505
790.000000,0.600535,0.596871,0.586243,0.575408,0.599531,0.601359,0.601728,0.206305,0.599048
791.000000,0.600730,0.596213,0.588175,0.576570,0.595883,0.596239,0.596187,0.131711,0.601656
792.000000,0.603194,0.597947,0.590284,0.577861,0.605589,0.602679,0.608392,0.139990,0.607457
793.000000,0.602999,0.600456,0.592266,0.579817,0.609953,0.605318,0.612944,0.169630,0.607327
794.000000,0.602308,0.600645,0.592784,0.581281,0.602202,0.602035,0.602520,0.202151,0.596050
795.000000,0.603168,0.601851,0.593801,0.582987,0.597903,0.596111,0.592888,0.491792,0.603350
796.000000,0.604472,0.602601,0.595167,0.584549,0.605719,0.604546,0.610635,0.276202,0.608174
797.000000,0.605971,0.604582,0.596777,0.586752,0.609562,0.608152,0.613076,0.183662,0.614953
798.000000,0.608096,0.605547,0.599537,0.589536,0.617314,0.611887,0.613076,0.218763,0.617952
799.000000,0.610886,0.606597,0.601177,0.591450,0.611972,0.607315,0.610701,0.184771,0.609999
800.000000,0.611838,0.607503,0.602187,0.593329,0.600052,0.606800,0.607402,0.205708,0.608109
801.000000,0.612620,0.608546,0.602379,0.594966,0.608715,0.608539,0.613735,0.188604,0.612085
802.000000,0.611825,0.608898,0.603422,0.596489,0.615164,0.608152,0.610371,0.170464,0.610977
803.000000,0.611551,0.609823,0.605140,0.598118,0.611842,0.612274,0.617034,0.203998,0.616583
804.000000,0.615214,0.613050,0.606848,0.599539,0.616662,0.623414,0.621553,0.311187,0.628316
805.000000,0.619673,0.615755,0.608803,0.601119,0.621417,0.629403,0.629371,0.259553,0.630402
806.000000,0.622906,0.617763,0.610182,0.602699,0.625912,0.624251,0.631911,0.249206,0.628251
807.000000,0.626413,0.619119,0.611851,0.604224,0.626563,0.623736,0.632405,0.255046,0.628512
808.000000,0.628186,0.619868,0.612708,0.606314,0.629625,0.622835,0.627457,0.566939,0.625448
809.000000,0.627417,0.621315,0.613956,0.607890,0.625000,0.620645,0.626732,0.192574,0.624470
810.000000,0.625944,0.622808,0.615155,0.609061,0.623893,0.618649,0.627062,0.207557,0.623036
811.000000,0.625917,0.624412,0.616479,0.609723,0.623828,0.623479,0.626072,0.190094,0.628121
812.000000,0.624288,0.625350,0.617124,0.610732,0.626563,0.619422,0.622905,0.208914,0.620364
813.000000,0.623323,0.625755,0.617789,0.612011,0.619919,0.615944,0.626138,0.115526,0.620624
814.000000,0.622280,0.624848,0.618949,0.612848,0.618812,0.612795,0.617166,0.191486,0.619256
815.000000,0.622267,0.624105,0.619930,0.613904,0.622850,0.617876,0.627655,0.134772,0.622971
816.000000,0.621863,0.623890,0.620827,0.614751,0.623306,0.620581,0.630228,0.170549,0.626100
817.000000,0.624184,0.624236,0.621677,0.615979,0.624153,0.625217,0.630360,0.152145,0.631967
818.000000,0.626178,0.624751,0.622309,0.616722,0.630993,0.623801,0.631087,0.110091,0.630598
819.000000,0.625565,0.623923,0.622619,0.617278,0.634901,0.627986,0.622444,0.222331,0.616192
820.000000,0.624014,0.623141,0.622974,0.617817,0.613731,0.609832,0.618551,0.149463,0.615214
821.000000,0.619021,0.620442,0.622427,0.617800,0.610604,0.605448,0.604367,0.210273,0.601134
822.000000,0.608774,0.616479,0.620915,0.616909,0.586243,0.579883,0.587149,0.925232,0.580731
823.000000,0.599596,0.612887,0.619321,0.616155,0.584093,0.582008,0.590843,0.622203,0.584708
824.000000,0.593755,0.609660,0.617254,0.615853,0.586178,0.582008,0.590183,0.455755,0.586989
825.000000,0.588397,0.606206,0.615155,0.615355,0.591584,0.585228,0.590975,0.681645,0.588423
826.000000,0.586767,0.602894,0.613392,0.614849,0.590021,0.587868,0.593746,0.378393,0.592986
827.000000,0.589831,0.599303,0.611769,0.614219,0.593734,0.589929,0.597638,0.342878,0.596050
828.000000,0.592152,0.595874,0.610312,0.613498,0.595297,0.591023,0.600343,0.220900,0.596311
829.000000,0.595502,0.594629,0.609276,0.613289,0.595102,0.596432,0.600343,0.279542,0.603742
830.000000,0.599192,0.593794,0.608468,0.613248,0.603635,0.602099,0.609315,0.277990,0.606870
831.000000,0.601903,0.594335,0.607389,0.613063,0.606240,0.601005,0.610767,0.263967,0.606545
832.000000,0.605502,0.597666,0.607073,0.613165,0.606110,0.609344,0.611624,0.293966,0.614041
833.000000,0.608396,0.600274,0.606580,0.612972,0.611712,0.608346,0.616110,0.184380,0.610782
834.000000,0.610351,0.602927,0.606294,0.612479,0.613145,0.607380,0.616242,0.229949,0.613519
835.000000,0.612124,0.605658,0.605932,0.611990,0.611386,0.610664,0.616440,0.230253,0.615736
836.000000,0.611186,0.606545,0.604719,0.611110,0.603700,0.604096,0.605291,0.300822,0.601851
837.000000,0.608200,0.606851,0.603077,0.610130,0.597642,0.593663,0.598298,0.256863,0.599113
838.000000,0.608096,0.608246,0.602060,0.609623,0.603179,0.603387,0.608194,0.246056,0.610260
839.000000,0.606414,0.608383,0.601506,0.608978,0.607152,0.603130,0.606940,0.154218,0.605110
840.000000,0.603624,0.607874,0.600834,0.608270,0.601615,0.598493,0.607798,0.282301,0.601786
841.000000,0.604406,0.607796,0.601066,0.607524,0.604156,0.600969,0.608411,0.226622,0.605762
842.000000,0.605671,0.606936,0.602301,0.607027,0.601485,0.598815,0.607864,0.194167,0.605436
843.000000,0.606166,0.607131,0.603702,0.606764,0.605263,0.606607,0.611426,0.210702,0.612737
844.000000,0.608657,0.607535,0.605231,0.606708,0.611777,0.610535,0.619211,0.197640,0.617561
845.000000,0.610430,0.607027,0.606342,0.606297,0.614773,0.609730,0.615121,0.187001,0.610651
846.000000,0.613259,0.608833,0.607689,0.606090,0.612168,0.614012,0.619079,0.147375,0.619907
847.000000,0.615149,0.610410,0.608630,0.605521,0.618812,0.615365,0.622048,0.139422,0.614888
848.000000,0.616505,0.611336,0.609791,0.605152,0.613275,0.613819,0.620135,0.140064,0.619516
849.000000,0.616114,0.612385,0.610384,0.605132,0.618421,0.614882,0.621718,0.166772,0.615605
850.000000,0.620168,0.615299,0.611587,0.605656,0.615555,0.623543,0.621256,0.247852,0.630924
851.000000,0.621055,0.617157,0.612476,0.606429,0.628583,0.626054,0.631181,0.193105,0.624340
852.000000,0.623819,0.619484,0.613210,0.608029,0.624674,0.623994,0.630558,0.150793,0.628707
853.000000,0.625891,0.621198,0.614165,0.609534,0.629885,0.624123,0.634121,0.120074,0.629881
854.000000,0.630467,0.623291,0.615413,0.611251,0.631514,0.631335,0.635572,0.174253,0.638485
855.000000,0.631680,0.625924,0.616475,0.612870,0.639005,0.634297,0.642169,0.225356,0.636986
856.000000,0.633883,0.627469,0.618151,0.614282,0.628192,0.630368,0.636232,0.162367,0.635356
857.000000,0.636699,0.630259,0.620334,0.615840,0.638158,0.635894,0.643884,0.121671,0.642787
858.000000,0.638342,0.632117,0.621726,0.617233,0.642392,0.637517,0.643489,0.306151,0.638094
859.000000,0.638420,0.634444,0.623414,0.618404,0.636985,0.632558,0.642961,0.182365,0.638876
860.000000,0.638185,0.634933,0.625116,0.619369,0.638744,0.632558,0.640520,0.129500,0.635813
861.000000,0.637325,0.635604,0.626380,0.620186,0.633207,0.627342,0.632735,0.189815,0.631054
862.000000,0.634939,0.635819,0.627651,0.620746,0.630016,0.624509,0.633923,0.167873,0.630858
863.000000,0.632527,0.635434,0.628316,0.621255,0.631970,0.624782,0.633263,0.125542,0.626035
864.000000,0.629112,0.633766,0.628528,0.621531,0.620440,0.617297,0.628315,0.133590,0.621798
865.000000,0.625839,0.632012,0.628968,0.621654,0.621027,0.614012,0.624159,0.150618,0.619451
866.000000,0.623779,0.630552,0.629010,0.622285,0.615490,0.615300,0.623367,0.178941,0.620755
867.000000,0.621798,0.628368,0.629314,0.623012,0.618486,0.617039,0.624027,0.165361,0.620950
868.000000,0.620207,0.626367,0.629242,0.623273,0.618486,0.614399,0.623763,0.160509,0.618082
869.000000,0.618630,0.623871,0.629157,0.623566,0.618291,0.613111,0.620398,0.151335,0.613910
870.000000,0.618799,0.622319,0.628626,0.624184,0.611191,0.613432,0.616836,0.252321,0.620299
871.000000,0.617313,0.620546,0.628075,0.624436,0.619854,0.614850,0.619607,0.212963,0.613324
872.000000,0.615710,0.618754,0.627286,0.624685,0.619789,0.615622,0.620135,0.184055,0.612933
873.000000,0.613976,0.617091,0.626263,0.624575,0.614969,0.610149,0.616770,0.250575,0.609413
874.000000,0.613806,0.616218,0.624992,0.624425,0.611060,0.607573,0.616044,0.153502,0.613063
875.000000,0.615110,0.616955,0.624483,0.624964,0.617314,0.619615,0.621718,0.222157,0.626817
876.000000,0.618799,0.618056,0.624304,0.625359,0.618812,0.630111,0.624160,0.774048,0.631771
877.000000,0.617417,0.616563,0.622466,0.625064,0.626172,0.623994,0.609711,0.541978,0.606023
878.000000,0.618369,0.616172,0.621270,0.624885,0.607087,0.606865,0.608853,0.239995,0.614171
879.000000,0.621029,0.617417,0.620644,0.625244,0.616141,0.619293,0.623433,0.165017,0.626361
880.000000,0.622645,0.618878,0.620598,0.625376,0.628908,0.627664,0.632669,0.344255,0.634900
881.000000,0.621876,0.620338,0.620442,0.625496,0.631905,0.628244,0.633396,0.222498,0.627925
882.000000,0.628277,0.622847,0.620800,0.625807,0.627475,0.631013,0.630690,0.301358,0.638029
883.000000,0.633362,0.625865,0.621478,0.626130,0.638028,0.633782,0.643950,0.167068,0.639593
884.000000,0.636047,0.628538,0.622378,0.626174,0.639265,0.636165,0.641839,0.169310,0.639789
885.000000,0.638003,0.630324,0.623639,0.626430,0.642587,0.642089,0.649228,0.209058,0.644678
886.000000,0.641953,0.631914,0.624985,0.626841,0.647929,0.641445,0.651801,0.174688,0.647676
887.000000,0.644404,0.636341,0.626452,0.627091,0.651381,0.645373,0.655957,0.181070,0.650284
888.000000,0.646451,0.639906,0.628039,0.627482,0.650013,0.643506,0.654638,0.142924,0.649827
889.000000,0.650544,0.643296,0.630357,0.628195,0.655941,0.652779,0.661284,0.178797,0.660257
890.000000,0.654364,0.646183,0.632530,0.629127,0.662259,0.658652,0.665391,0.257915,0.663777
891.000000,0.657154,0.649553,0.634946,0.630146,0.662259,0.658639,0.668162,0.102995,0.661626
892.000000,0.660452,0.652428,0.637638,0.631343,0.657830,0.659605,0.663676,0.144735,0.666775
893.000000,0.662786,0.654618,0.640242,0.632525,0.668512,0.660893,0.669481,0.177627,0.661495
894.000000,0.662447,0.656496,0.642517,0.633751,0.660761,0.655032,0.664204,0.104251,0.658562
895.000000,0.662395,0.658380,0.644352,0.635219,0.659849,0.657608,0.661433,0.124286,0.663516
896.000000,0.662473,0.659814,0.645864,0.636595,0.660435,0.654711,0.665787,0.127729,0.662017
897.000000,0.661443,0.660948,0.648644,0.637951,0.660631,0.654968,0.666526,0.121678,0.661626
898.000000,0.663060,0.662923,0.651415,0.639667,0.663301,0.662245,0.668294,0.190026,0.669578
899.000000,0.664246,0.663347,0.653321,0.641353,0.661152,0.658188,0.663396,0.210190,0.664494
900.000000,0.664833,0.663614,0.654899,0.642892,0.665907,0.665465,0.670999,0.235919,0.666449
901.000000,0.666827,0.664650,0.657102,0.644847,0.668187,0.664692,0.674891,0.169644,0.671990
902.000000,0.669161,0.665302,0.658865,0.646859,0.672030,0.666044,0.677233,0.161056,0.673294
903.000000,0.669878,0.666469,0.660544,0.648984,0.671248,0.669135,0.675815,0.294966,0.673163
904.000000,0.671729,0.667988,0.662242,0.651007,0.674179,0.667718,0.676397,0.140538,0.673750
905.000000,0.674741,0.669787,0.664083,0.652830,0.675808,0.673579,0.680631,0.176419,0.681507
906.000000,0.676162,0.671495,0.665654,0.654408,0.681019,0.673450,0.684391,0.158431,0.679095
907.000000,0.676788,0.672974,0.666961,0.656754,0.678804,0.672613,0.682544,0.100712,0.676423
908.000000,0.677400,0.673639,0.668281,0.658823,0.675743,0.668620,0.681027,0.082451,0.676227
909.000000,0.677348,0.674539,0.668943,0.660394,0.675547,0.667847,0.678454,0.167149,0.673489
910.000000,0.676384,0.675562,0.669588,0.661786,0.670532,0.668813,0.678586,0.118702,0.676683
911.000000,0.677335,0.676749,0.670699,0.663651,0.676720,0.675768,0.683204,0.166370,0.683854
912.000000,0.677609,0.677198,0.671250,0.664976,0.680693,0.672935,0.684919,0.097317,0.677792
913.000000,0.680308,0.678854,0.672661,0.666647,0.677306,0.681435,0.685579,0.172444,0.689720
914.000000,0.684232,0.680790,0.674389,0.668424,0.689617,0.684719,0.697783,0.133841,0.693110
915.000000,0.686957,0.681670,0.675728,0.669945,0.692157,0.684912,0.695606,0.133469,0.690307
916.000000,0.688104,0.682720,0.677107,0.671343,0.688119,0.685556,0.694584,0.138073,0.689590
917.000000,0.690776,0.684193,0.678584,0.672705,0.690594,0.684590,0.697717,0.095484,0.691154
918.000000,0.690789,0.685549,0.679594,0.674037,0.689161,0.683495,0.695276,0.099981,0.689786
919.000000,0.689864,0.687048,0.680793,0.674978,0.688705,0.681950,0.692835,0.138268,0.688482
920.000000,0.689838,0.688397,0.681980,0.675858,0.689747,0.683946,0.693677,0.163909,0.690177
921.000000,0.691871,0.689988,0.683368,0.677129,0.689161,0.700303,0.697981,0.224814,0.699759
922.000000,0.694231,0.692504,0.684851,0.678335,0.698020,0.694443,0.701346,0.186011,0.702953
923.000000,0.697529,0.694159,0.686507,0.679827,0.702970,0.705905,0.711176,0.306814,0.706277
924.000000,0.701545,0.695704,0.688247,0.681494,0.706944,0.706098,0.713946,0.226683,0.708559
925.000000,0.704974,0.697406,0.689538,0.682954,0.710461,0.705261,0.712891,0.165642,0.707320
926.000000,0.705430,0.698651,0.690685,0.684288,0.706553,0.700077,0.705964,0.178995,0.702040
927.000000,0.704087,0.699159,0.691676,0.685442,0.696326,0.690064,0.696200,0.156971,0.696239
928.000000,0.701649,0.699589,0.692569,0.686259,0.693004,0.688711,0.701346,0.127985,0.694088
929.000000,0.698194,0.699870,0.693459,0.687152,0.690724,0.693348,0.699301,0.209998,0.691285
930.000000,0.697764,0.701369,0.694883,0.688443,0.689617,0.697856,0.696794,0.229812,0.705169
931.000000,0.697868,0.701649,0.695818,0.689462,0.699453,0.697373,0.705304,0.231789,0.702562
932.000000,0.698833,0.701460,0.696982,0.690387,0.703166,0.696954,0.708339,0.235539,0.701063
933.000000,0.702484,0.702066,0.698113,0.691693,0.699974,0.705647,0.708933,0.163650,0.712339
934.000000,0.707177,0.702686,0.699195,0.693060,0.710070,0.707064,0.714936,0.315869,0.714751
935.000000,0.709237,0.703500,0.700453,0.694192,0.716193,0.710606,0.723578,0.164617,0.715468
936.000000,0.710749,0.704309,0.701480,0.695226,0.715868,0.710542,0.718696,0.172290,0.710123
937.000000,0.712522,0.705678,0.702418,0.696343,0.709875,0.706098,0.713946,0.260333,0.709928
938.000000,0.711401,0.706942,0.703266,0.697360,0.712090,0.704746,0.714210,0.163706,0.706734
939.000000,0.707281,0.707229,0.703549,0.698049,0.703557,0.696890,0.701676,0.254232,0.694153
940.000000,0.701428,0.705332,0.703350,0.698366,0.691636,0.683753,0.692901,0.195371,0.686200
941.000000,0.697217,0.703983,0.702816,0.698540,0.687337,0.684204,0.692967,0.214232,0.689069
942.000000,0.693840,0.703181,0.702321,0.699048,0.687598,0.685234,0.690988,0.241412,0.693045
943.000000,0.689016,0.700209,0.701137,0.698811,0.690529,0.686264,0.687426,0.424949,0.682615
944.000000,0.686448,0.696865,0.699775,0.698418,0.687207,0.679889,0.687888,0.294365,0.681312
945.000000,0.684884,0.693156,0.698328,0.698021,0.678022,0.674738,0.684530,0.153235,0.678378
946.000000,0.682563,0.689890,0.697099,0.697616,0.679455,0.674287,0.680103,0.202261,0.677466
947.000000,0.679617,0.686728,0.696203,0.697188,0.678934,0.672741,0.680763,0.208571,0.678313
948.000000,0.678926,0.683971,0.695457,0.696834,0.677436,0.673128,0.684259,0.186183,0.679160
949.000000,0.678013,0.682231,0.694730,0.696443,0.677110,0.671840,0.682346,0.120057,0.676749
950.000000,0.678065,0.681474,0.693403,0.696058,0.679065,0.673578,0.684589,0.154725,0.678639
951.000000,0.678065,0.680314,0.692148,0.695315,0.678218,0.672741,0.683731,0.189787,0.677466
952.000000,0.678339,0.678978,0.691079,0.694540,0.675743,0.673450,0.683402,0.133391,0.679682
953.000000,0.677987,0.678456,0.689333,0.693577,0.675026,0.671131,0.681100,0.138978,0.677400
954.000000,0.680099,0.679056,0.687960,0.692869,0.679260,0.680340,0.686238,0.186864,0.687309
955.000000,0.679604,0.678834,0.685995,0.691830,0.687467,0.679632,0.683599,0.125844,0.676162
956.000000,0.679812,0.678939,0.684414,0.691046,0.678609,0.673772,0.682808,0.090733,0.678509
957.000000,0.679369,0.678854,0.682791,0.690420,0.677436,0.672355,0.683077,0.083154,0.677466
958.000000,0.679017,0.678502,0.681237,0.689805,0.676329,0.671389,0.683797,0.132472,0.675640
959.000000,0.677257,0.678678,0.680454,0.689379,0.671769,0.671131,0.679575,0.138841,0.678509
960.000000,0.677009,0.678306,0.679890,0.688371,0.680367,0.672935,0.682610,0.149708,0.674923
961.000000,0.676019,0.677915,0.679115,0.687404,0.671899,0.669779,0.680499,0.141522,0.673555
962.000000,0.674597,0.676983,0.677981,0.686381,0.670857,0.668234,0.675683,0.236617,0.670360
963.000000,0.669995,0.674506,0.676481,0.684390,0.655550,0.653101,0.654374,0.341848,0.652630
964.000000,0.664546,0.670902,0.674979,0.682274,0.652163,0.648529,0.654308,0.156547,0.651261
965.000000,0.660061,0.668535,0.673685,0.680175,0.652749,0.648190,0.656485,0.163007,0.652500
966.000000,0.655251,0.665635,0.672287,0.678154,0.654833,0.648335,0.652791,0.203486,0.649501
967.000000,0.653100,0.663849,0.671351,0.676477,0.649687,0.654582,0.656947,0.209132,0.659605
968.000000,0.656867,0.663431,0.670967,0.675301,0.677827,0.670552,0.670801,0.413939,0.671469
969.000000,0.660700,0.662623,0.670651,0.674511,0.671183,0.668298,0.673308,0.308692,0.670426
970.000000,0.666827,0.663444,0.670875,0.674408,0.679260,0.675253,0.682082,0.270219,0.683137
971.000000,0.674637,0.664944,0.671430,0.674391,0.682843,0.682336,0.684259,0.222332,0.688547
972.000000,0.688730,0.670915,0.673949,0.675625,0.693786,0.727156,0.702665,0.599866,0.730070
973.000000,0.707033,0.681950,0.678228,0.678304,0.736060,0.758587,0.743568,0.714660,0.762988
974.000000,0.722065,0.691383,0.681142,0.680447,0.761073,0.756005,0.749109,0.422777,0.745584
975.000000,0.736432,0.701630,0.685082,0.683000,0.744594,0.747891,0.748780,0.365695,0.754970
976.000000,0.750042,0.712339,0.688987,0.685638,0.752606,0.747762,0.751814,0.345642,0.756600
977.000000,0.754071,0.721400,0.692624,0.688034,0.754755,0.753300,0.752144,0.414963,0.750212
978.000000,0.752050,0.729542,0.696487,0.690492,0.750391,0.747762,0.755212,0.293454,0.752884
979.000000,0.751463,0.736764,0.699694,0.692688,0.753778,0.745251,0.750891,0.411292,0.742650
980.000000,0.749391,0.742911,0.703178,0.694887,0.740229,0.737073,0.745943,0.248814,0.744606
981.000000,0.744463,0.747252,0.706098,0.696704,0.745896,0.742546,0.740599,0.286519,0.731960
982.000000,0.741203,0.747637,0.709276,0.698512,0.732087,0.729088,0.738356,0.175103,0.733916
983.000000,0.737735,0.744893,0.713422,0.700450,0.732087,0.726834,0.739016,0.098237,0.735545
984.000000,0.735063,0.743263,0.717323,0.701849,0.728048,0.723936,0.733540,0.196499,0.729288
985.000000,0.733029,0.741210,0.721420,0.703792,0.730654,0.727606,0.735849,0.136148,0.734437
986.000000,0.733837,0.739150,0.725745,0.705708,0.739578,0.731213,0.742710,0.290039,0.736002
987.000000,0.736875,0.739039,0.730220,0.708096,0.739904,0.742546,0.745488,0.262514,0.749104
988.000000,0.740525,0.739130,0.734336,0.710701,0.751954,0.748857,0.757290,0.233763,0.753797
989.000000,0.748387,0.741725,0.739245,0.713704,0.762116,0.759611,0.767252,0.305475,0.768594
990.000000,0.756769,0.744899,0.743905,0.717085,0.767262,0.768755,0.770814,0.257714,0.776351
991.000000,0.767121,0.750479,0.748866,0.720892,0.775664,0.781119,0.773519,0.341033,0.787758
992.000000,0.776729,0.756802,0.752220,0.725118,0.790320,0.787752,0.792585,0.398192,0.797145
993.000000,0.785985,0.763255,0.754074,0.730033,0.797355,0.790392,0.802876,0.191380,0.800078
994.000000,0.792087,0.770237,0.756750,0.734961,0.798658,0.798184,0.807956,0.207293,0.799100
995.000000,0.797732,0.777251,0.759230,0.740030,0.801003,0.798570,0.807758,0.202934,0.804576
996.000000,0.798722,0.782922,0.761036,0.744804,0.801133,0.796896,0.799050,0.284493,0.792712
997.000000,0.798775,0.787752,0.763395,0.749397,0.795076,0.791680,0.796675,0.166388,0.797406
998.000000,0.798670,0.792328,0.765729,0.753667,0.799114,0.793612,0.805189,0.324131,0.799557
999.000000,0.798436,0.795261,0.768493,0.757917,0.794945,0.791165,0.803272,0.160752,0.797927
1000.000000,0.797119,0.797425,0.771162,0.761745,0.803022,0.793998,0.804856,0.173480,0.797992
1001.000000,0.796571,0.797647,0.774063,0.765126,0.797681,0.788653,0.799380,0.167523,0.789975
1002.000000,0.794433,0.796604,0.776703,0.767014,0.790255,0.781248,0.791199,0.440477,0.786715
1003.000000,0.786950,0.792810,0.778033,0.766986,0.763484,0.755554,0.763293,0.257430,0.762141
1004.000000,0.779493,0.788964,0.779600,0.767488,0.761334,0.754690,0.768439,0.144965,0.760641
1005.000000,0.771071,0.784095,0.780673,0.767518,0.760683,0.754910,0.763907,0.129423,0.755883
1006.000000,0.763770,0.780171,0.781546,0.767414,0.754820,0.749050,0.759929,0.129398,0.753471
1007.000000,0.756809,0.775621,0.781686,0.767471,0.756058,0.750080,0.758016,0.127805,0.751907
1008.000000,0.753523,0.770237,0.781282,0.767232,0.756644,0.748793,0.747262,0.307094,0.745714
1009.000000,0.751998,0.765745,0.780503,0.767577,0.747981,0.749952,0.756432,0.341459,0.753015
1010.000000,0.751946,0.761508,0.779467,0.767944,0.752345,0.752843,0.758016,0.240286,0.755622
1011.000000,0.754032,0.758901,0.778274,0.769009,0.755993,0.755490,0.764019,0.174861,0.763901
1012.000000,0.755309,0.756059,0.776331,0.769822,0.760618,0.755232,0.767186,0.137016,0.758295
1013.000000,0.757786,0.755655,0.774232,0.770573,0.761660,0.752978,0.763293,0.151029,0.758099
1014.000000,0.758282,0.755140,0.772052,0.771447,0.757817,0.750757,0.755773,0.318538,0.755492
1015.000000,0.758947,0.755446,0.769771,0.772264,0.753973,0.750853,0.751418,0.176873,0.758947
1016.000000,0.758529,0.756281,0.768226,0.773124,0.762116,0.756649,0.767581,0.150448,0.761815
1017.000000,0.757695,0.756502,0.766062,0.773292,0.761073,0.752399,0.762040,0.170392,0.754123
1018.000000,0.758934,0.758360,0.764298,0.773641,0.756253,0.755683,0.758741,0.206095,0.764292
1019.000000,0.759533,0.758908,0.762326,0.773305,0.763484,0.756005,0.765075,0.169508,0.758490
1020.000000,0.759833,0.759390,0.760449,0.772774,0.759640,0.752978,0.763821,0.167242,0.760446
1021.000000,0.759012,0.758771,0.758836,0.771773,0.757556,0.753300,0.763227,0.113806,0.757708
1022.000000,0.761293,0.759494,0.757777,0.770719,0.758142,0.757744,0.767845,0.148973,0.765530
1023.000000,0.765074,0.762004,0.758829,0.770156,0.770128,0.775066,0.777081,0.268369,0.783195
1024.000000,0.770784,0.765159,0.760149,0.769754,0.781657,0.779702,0.785328,0.209451,0.787041
1025.000000,0.775543,0.767688,0.761567,0.769076,0.786738,0.777964,0.790935,0.151491,0.784238
1026.000000,0.781018,0.770015,0.763148,0.768822,0.780550,0.776290,0.786317,0.170131,0.785086
1027.000000,0.785764,0.773528,0.765015,0.768551,0.783351,0.783631,0.792981,0.319556,0.789258
1028.000000,0.786741,0.775908,0.767134,0.768168,0.791428,0.787430,0.797269,0.397614,0.788084
1029.000000,0.787419,0.779102,0.769005,0.767918,0.784979,0.795608,0.782557,0.292886,0.790431
1030.000000,0.786950,0.781246,0.770318,0.767382,0.792991,0.786078,0.787373,0.234421,0.781892
1031.000000,0.786129,0.783573,0.771172,0.767082,0.778400,0.772072,0.785394,0.159292,0.780979
1032.000000,0.783065,0.784414,0.771954,0.766656,0.783351,0.775324,0.782821,0.237891,0.773939
1033.000000,0.777420,0.782081,0.772042,0.766580,0.770974,0.763217,0.762634,0.287189,0.759859
1034.000000,0.773926,0.780673,0.772916,0.766990,0.761725,0.766501,0.766460,0.216959,0.772961
1035.000000,0.772661,0.779806,0.773747,0.767647,0.774752,0.769193,0.781831,0.160736,0.775569
1036.000000,0.774708,0.780418,0.775217,0.768905,0.779377,0.784983,0.788033,0.210647,0.791213
1037.000000,0.777681,0.780373,0.776951,0.770134,0.791037,0.783051,0.793310,0.171838,0.788801
1038.000000,0.784903,0.781162,0.778535,0.771810,0.791298,0.789941,0.795356,0.175507,0.795972
1039.000000,0.789140,0.781533,0.780317,0.773181,0.795401,0.789233,0.797335,0.167921,0.794146
1040.000000,0.793886,0.783274,0.782260,0.774637,0.792079,0.790585,0.798351,0.289937,0.799296
1041.000000,0.793455,0.784082,0.783828,0.775475,0.797355,0.794642,0.797401,0.197083,0.789062
1042.000000,0.795411,0.786546,0.785480,0.776818,0.792275,0.794127,0.801557,0.322893,0.798579
1043.000000,0.795946,0.790424,0.786253,0.778170,0.798463,0.795286,0.802085,0.199003,0.798644
1044.000000,0.796975,0.793058,0.786865,0.779630,0.795206,0.792131,0.802283,0.239822,0.799296
1045.000000,0.797249,0.795567,0.787687,0.781020,0.798723,0.793966,0.798258,0.181930,0.800665
1046.000000,0.797784,0.795620,0.788019,0.782018,0.797681,0.790457,0.800237,0.267564,0.791735
1047.000000,0.803637,0.799524,0.789949,0.784475,0.801264,0.821688,0.809276,0.332285,0.827847
1048.000000,0.805880,0.800913,0.791037,0.785994,0.828882,0.820336,0.818908,0.236908,0.809856
1049.000000,0.807744,0.802360,0.791946,0.787665,0.809927,0.803159,0.815081,0.156008,0.808617
1050.000000,0.809334,0.803292,0.793283,0.789271,0.804130,0.801919,0.811717,0.198188,0.808617
1051.000000,0.812072,0.804928,0.794505,0.790861,0.805823,0.798764,0.812772,0.193839,0.805423
1052.000000,0.807118,0.805378,0.795962,0.792113,0.806931,0.801404,0.812508,0.173966,0.803077
1053.000000,0.806558,0.806219,0.798321,0.792908,0.803544,0.799730,0.811519,0.193393,0.807053
1054.000000,0.806140,0.806942,0.800000,0.793558,0.809276,0.802949,0.810034,0.201132,0.806532
1055.000000,0.807157,0.808246,0.801907,0.794540,0.808624,0.805976,0.816137,0.269320,0.813702
1056.000000,0.808318,0.810195,0.802907,0.795411,0.809406,0.805847,0.815319,0.187696,0.811225
1057.000000,0.810325,0.808722,0.804123,0.796206,0.815203,0.805912,0.818512,0.180911,0.813115
1058.000000,0.811538,0.809048,0.804980,0.797041,0.816311,0.808101,0.819435,0.161944,0.813115
1059.000000,0.812659,0.809400,0.805880,0.797764,0.814226,0.808809,0.819963,0.392035,0.812137
1060.000000,0.811486,0.809321,0.806307,0.798629,0.808168,0.804495,0.815741,0.167578,0.807835
1061.000000,0.806049,0.807183,0.806056,0.798731,0.810513,0.804108,0.792717,0.358697,0.784043
1062.000000,0.798996,0.804661,0.805019,0.798861,0.784132,0.778028,0.783679,0.342485,0.777850
1063.000000,0.791761,0.801649,0.803934,0.799431,0.777488,0.776135,0.784866,0.262265,0.776938
1064.000000,0.785620,0.799140,0.803041,0.799713,0.779052,0.775388,0.785262,0.207941,0.781435
1065.000000,0.778202,0.794844,0.801545,0.799552,0.772798,0.767532,0.775630,0.193256,0.770745
1066.000000,0.776299,0.791174,0.800684,0.798996,0.766610,0.769335,0.772529,0.251684,0.774526
1067.000000,0.775217,0.787106,0.797914,0.798451,0.771952,0.765471,0.777147,0.131141,0.772440
1068.000000,0.774773,0.783267,0.796157,0.797742,0.768629,0.765922,0.774574,0.224361,0.774721
1069.000000,0.773365,0.779493,0.794446,0.797084,0.776641,0.773392,0.781963,0.249408,0.774395
1070.000000,0.772401,0.775301,0.792311,0.795972,0.773971,0.768787,0.766394,0.348128,0.765921
1071.000000,0.770380,0.773339,0.790261,0.795150,0.764656,0.761350,0.770748,0.237387,0.764422
1072.000000,0.769142,0.772179,0.788420,0.794073,0.767196,0.768047,0.773717,0.218909,0.766247
1073.000000,0.767786,0.771280,0.786464,0.793049,0.766480,0.762702,0.772331,0.133449,0.767942
1074.000000,0.766730,0.770048,0.784594,0.792043,0.762181,0.762895,0.771936,0.171145,0.769115
1075.000000,0.766195,0.769298,0.782071,0.790796,0.767652,0.763282,0.771870,0.143151,0.763249
1076.000000,0.765934,0.768157,0.779666,0.789842,0.761790,0.754588,0.765404,0.182762,0.763118
1077.000000,0.764722,0.766932,0.777019,0.787587,0.759380,0.755747,0.766790,0.228772,0.760185
1078.000000,0.762193,0.764989,0.774128,0.785768,0.759184,0.753236,0.764085,0.138123,0.755296
1079.000000,0.761476,0.764103,0.771798,0.784332,0.757751,0.756842,0.761116,0.133253,0.765530
1080.000000,0.761489,0.763842,0.769572,0.782822,0.761920,0.756906,0.766658,0.120688,0.763314
1081.000000,0.761619,0.763777,0.768558,0.781433,0.766024,0.760062,0.771804,0.146970,0.763770
1082.000000,0.764865,0.764794,0.768486,0.780545,0.767913,0.768047,0.772991,0.173122,0.776416
1083.000000,0.768646,0.765419,0.768350,0.779449,0.775143,0.769528,0.780446,0.185268,0.774200
1084.000000,0.771671,0.766573,0.768310,0.778587,0.785956,0.777835,0.787967,0.155639,0.780653
1085.000000,0.775373,0.768431,0.768864,0.777524,0.783155,0.777191,0.787835,0.231449,0.781826
1086.000000,0.779115,0.770367,0.769262,0.776566,0.781657,0.777449,0.786977,0.178145,0.782478
1087.000000,0.773913,0.769389,0.768160,0.774476,0.770258,0.761479,0.757472,0.605408,0.750407
1088.000000,0.770550,0.769598,0.767294,0.772618,0.750977,0.749179,0.759430,0.270885,0.757382
1089.000000,0.766482,0.769076,0.766590,0.770891,0.759184,0.753880,0.766130,0.195605,0.760315
1090.000000,0.762988,0.769181,0.766511,0.769441,0.760552,0.757357,0.768439,0.173460,0.764357
1091.000000,0.760368,0.769741,0.766759,0.768952,0.764135,0.766179,0.771408,0.259628,0.769376
1092.000000,0.764957,0.769435,0.767114,0.768803,0.774231,0.767467,0.777081,0.245668,0.773352
1093.000000,0.768307,0.769428,0.767424,0.768709,0.775404,0.766566,0.777213,0.183618,0.774135
1094.000000,0.768907,0.767694,0.767134,0.768105,0.771952,0.765915,0.769759,0.252198,0.763314
1095.000000,0.769402,0.766195,0.767313,0.767975,0.761008,0.761736,0.768901,0.241413,0.766834
1096.000000,0.768125,0.764246,0.767307,0.767590,0.765373,0.758323,0.766394,0.170544,0.762988
1097.000000,0.765713,0.765335,0.767362,0.767219,0.760487,0.754524,0.760984,0.163126,0.761293
1098.000000,0.762336,0.765322,0.767460,0.766636,0.759315,0.753300,0.765800,0.162207,0.757252
1099.000000,0.762532,0.765719,0.767398,0.766299,0.757621,0.759675,0.766925,0.223148,0.764292
1100.000000,0.761280,0.765341,0.767261,0.766121,0.763744,0.757744,0.769099,0.168684,0.760576
1101.000000,0.758764,0.763444,0.766593,0.765654,0.754364,0.748599,0.757884,0.224823,0.750407
1102.000000,0.757421,0.761567,0.765501,0.765265,0.751759,0.749630,0.760255,0.211578,0.754579
1103.000000,0.758282,0.760309,0.764869,0.765052,0.756188,0.753429,0.761512,0.385653,0.761554
1104.000000,0.757838,0.760185,0.763940,0.764818,0.764526,0.756520,0.767977,0.178875,0.762075
1105.000000,0.759820,0.760550,0.763373,0.765059,0.762116,0.762960,0.767581,0.145935,0.770484
1106.000000,0.763275,0.761019,0.762633,0.765211,0.770128,0.762541,0.774706,0.138807,0.767681
1107.000000,0.766286,0.761854,0.763594,0.765526,0.766740,0.762380,0.773915,0.163794,0.769637
1108.000000,0.767786,0.763034,0.764178,0.765984,0.769802,0.762702,0.775564,0.102554,0.769050
1109.000000,0.768164,0.763001,0.764360,0.765932,0.764851,0.758645,0.769693,0.132352,0.763966
1110.000000,0.766977,0.763399,0.764370,0.765974,0.765373,0.756649,0.768901,0.196141,0.764553
1111.000000,0.767043,0.765159,0.764302,0.766115,0.765568,0.758710,0.770616,0.153405,0.768007
1112.000000,0.765556,0.765921,0.763744,0.765641,0.766154,0.760191,0.769363,0.159356,0.762206
1113.000000,0.765830,0.766808,0.763558,0.765515,0.759706,0.763732,0.769429,0.164863,0.770419
1114.000000,0.765856,0.767010,0.763598,0.764963,0.768825,0.760705,0.770649,0.155063,0.764096
1115.000000,0.768620,0.767799,0.764174,0.764848,0.760552,0.772619,0.770286,0.216562,0.778372
1116.000000,0.774448,0.770745,0.765882,0.765337,0.781462,0.788847,0.789418,0.290388,0.797145
1117.000000,0.784173,0.774865,0.768359,0.767351,0.794229,0.801339,0.802217,0.259307,0.810834
1118.000000,0.793820,0.779825,0.771430,0.769394,0.810448,0.810999,0.820425,0.333394,0.818656
1119.000000,0.805358,0.785607,0.774304,0.771443,0.819437,0.814283,0.828473,0.315968,0.821785
1120.000000,0.815670,0.792145,0.777772,0.773628,0.817809,0.822075,0.825373,0.225788,0.829933
1121.000000,0.821524,0.797986,0.781572,0.775530,0.823997,0.817181,0.832168,0.196507,0.826413
1122.000000,0.823858,0.804015,0.784968,0.777168,0.824518,0.818855,0.814092,0.225465,0.822502
1123.000000,0.826269,0.810045,0.788426,0.779054,0.822108,0.822590,0.832630,0.113102,0.830715
1124.000000,0.826269,0.815814,0.791412,0.781003,0.830185,0.820723,0.829859,0.189271,0.821785
1125.000000,0.823115,0.819392,0.793596,0.782580,0.825365,0.815957,0.821250,0.226855,0.814158
1126.000000,0.819568,0.820546,0.795646,0.784104,0.810969,0.804044,0.817258,0.123947,0.808683
1127.000000,0.816883,0.820370,0.797617,0.785696,0.810188,0.803529,0.816994,0.154398,0.809074
1128.000000,0.811942,0.819106,0.799465,0.787322,0.808820,0.802458,0.812112,0.123157,0.806010
1129.000000,0.810051,0.818160,0.801884,0.788923,0.807582,0.804817,0.813894,0.171861,0.812333
1130.000000,0.812489,0.817802,0.804974,0.791115,0.816376,0.818469,0.824977,0.140715,0.826348
1131.000000,0.813767,0.816668,0.807327,0.793271,0.831813,0.824007,0.820491,0.157386,0.815071
1132.000000,0.815227,0.816055,0.810035,0.795331,0.817092,0.809067,0.822866,0.149876,0.816374
1133.000000,0.818682,0.815312,0.812678,0.797388,0.816376,0.820143,0.826824,0.086964,0.823284
1134.000000,0.820416,0.815234,0.815524,0.799352,0.822043,0.815120,0.825109,0.145867,0.821003
1135.000000,0.816400,0.814445,0.816919,0.800545,0.820414,0.815056,0.815873,0.202924,0.806271
1136.000000,0.816127,0.814947,0.817747,0.802079,0.810253,0.806362,0.810793,0.163644,0.813702
1137.000000,0.814654,0.814940,0.817655,0.803392,0.810969,0.805783,0.818446,0.136377,0.809009
1138.000000,0.810560,0.814621,0.816863,0.804517,0.808429,0.802885,0.811255,0.133910,0.802816
1139.000000,0.807222,0.813819,0.815990,0.805862,0.806735,0.799730,0.812046,0.173990,0.804315
1140.000000,0.806831,0.811616,0.814709,0.807188,0.804260,0.798506,0.813300,0.223342,0.804315
1141.000000,0.801278,0.808702,0.812685,0.807785,0.799310,0.793032,0.790078,0.364126,0.785933
1142.000000,0.796754,0.805704,0.810879,0.808591,0.784849,0.781892,0.794234,0.302016,0.786389
1143.000000,0.793364,0.801962,0.808637,0.809106,0.782113,0.778335,0.788824,0.130170,0.785868
1144.000000,0.789166,0.798194,0.806714,0.809747,0.786738,0.778994,0.790738,0.231903,0.783326
1145.000000,0.785477,0.796154,0.805300,0.809997,0.782830,0.777899,0.787043,0.184053,0.785868
1146.000000,0.786037,0.793658,0.804302,0.809717,0.784849,0.788010,0.794894,0.234523,0.788736
1147.000000,0.785751,0.791252,0.803096,0.808854,0.787520,0.779896,0.792453,0.162566,0.784955
1148.000000,0.787485,0.790424,0.802523,0.808050,0.790386,0.787237,0.796213,0.187619,0.794538
1149.000000,0.789649,0.789407,0.801613,0.807129,0.793056,0.792904,0.801029,0.191021,0.794146
1150.000000,0.790692,0.788084,0.799850,0.805834,0.793643,0.787559,0.795092,0.191949,0.791083
1151.000000,0.791057,0.788547,0.798625,0.804639,0.789799,0.784210,0.795092,0.199349,0.790561
1152.000000,0.793925,0.789838,0.797771,0.803865,0.793252,0.792904,0.800699,0.232690,0.799296
1153.000000,0.796402,0.791943,0.796953,0.803072,0.805433,0.798892,0.793772,0.270700,0.806923
1154.000000,0.799439,0.794544,0.796369,0.802657,0.803022,0.800052,0.812706,0.189363,0.809334
1155.000000,0.804172,0.797432,0.796793,0.802677,0.809927,0.806105,0.818116,0.193506,0.814745
1156.000000,0.810104,0.800580,0.797119,0.803062,0.819307,0.811965,0.822668,0.173922,0.820220
1157.000000,0.813167,0.803546,0.797399,0.803246,0.821782,0.816450,0.824119,0.139266,0.814614
1158.000000,0.814432,0.805417,0.797921,0.803487,0.812793,0.808294,0.821109,0.110490,0.813246
1159.000000,0.817078,0.808259,0.798833,0.803829,0.809797,0.814154,0.818050,0.201469,0.822567
1160.000000,0.816035,0.810104,0.799094,0.803268,0.818851,0.811868,0.818512,0.152999,0.809530
1161.000000,0.812685,0.811394,0.799971,0.802881,0.813379,0.804946,0.811783,0.092564,0.803468
1162.000000,0.812307,0.812737,0.801287,0.802759,0.807777,0.804817,0.816236,0.103292,0.812724
1163.000000,0.813819,0.814126,0.803034,0.802677,0.815594,0.814154,0.822807,0.149004,0.820807
1164.000000,0.813858,0.815468,0.805006,0.802736,0.822955,0.820079,0.831640,0.127308,0.822763
1165.000000,0.815384,0.815710,0.806571,0.803098,0.823541,0.816601,0.826230,0.143472,0.817157
1166.000000,0.818160,0.815423,0.808001,0.803220,0.813705,0.812544,0.822655,0.149096,0.817352
1167.000000,0.818943,0.815625,0.809585,0.803474,0.816441,0.809260,0.817258,0.103668,0.816635
1168.000000,0.819529,0.816674,0.811046,0.804172,0.818004,0.815861,0.825373,0.161789,0.823740
1169.000000,0.819177,0.816518,0.812388,0.804728,0.820414,0.814991,0.827682,0.213281,0.821003
1170.000000,0.819907,0.817646,0.813875,0.805278,0.821196,0.815378,0.828935,0.188666,0.820807
1171.000000,0.822137,0.820149,0.815771,0.806697,0.822629,0.822332,0.831574,0.224560,0.828499
1172.000000,0.824288,0.821615,0.817176,0.808063,0.831357,0.822783,0.834609,0.095261,0.827391
1173.000000,0.824301,0.821915,0.818020,0.809328,0.822434,0.815249,0.828605,0.135955,0.823805
1174.000000,0.824444,0.821811,0.818640,0.810608,0.823411,0.817760,0.830815,0.171005,0.821720
1175.000000,0.824288,0.822098,0.818904,0.811746,0.824713,0.815313,0.829595,0.147170,0.820025
1176.000000,0.823180,0.822658,0.819040,0.812887,0.818330,0.815056,0.828539,0.119891,0.822958
1177.000000,0.821263,0.822776,0.819200,0.813982,0.820610,0.813317,0.821414,0.219145,0.817808
1178.000000,0.823923,0.824112,0.820393,0.815401,0.819633,0.832700,0.827814,0.268428,0.837103
1179.000000,0.823506,0.823975,0.820246,0.816251,0.833898,0.828186,0.824119,0.160966,0.819634
1180.000000,0.826426,0.825357,0.821501,0.817702,0.819828,0.831283,0.828078,0.147185,0.834626
1181.000000,0.829750,0.826465,0.823307,0.819336,0.841063,0.835534,0.847803,0.150279,0.839580
1182.000000,0.835747,0.828505,0.825060,0.820953,0.840151,0.838109,0.848463,0.113111,0.847793
1183.000000,0.838941,0.831432,0.826674,0.822491,0.847381,0.842875,0.855720,0.147405,0.853073
1184.000000,0.847259,0.835382,0.828597,0.824220,0.854482,0.851117,0.863043,0.226418,0.861222
1185.000000,0.851496,0.838961,0.830529,0.825589,0.859693,0.852212,0.863702,0.237607,0.855811
1186.000000,0.854755,0.842253,0.832456,0.826778,0.852397,0.849701,0.860041,0.212636,0.855876
1187.000000,0.857037,0.846392,0.834584,0.828264,0.856631,0.855818,0.866011,0.232645,0.859201
1188.000000,0.860857,0.849899,0.837005,0.830228,0.859823,0.864447,0.870563,0.205271,0.872173
1189.000000,0.863047,0.855153,0.839564,0.831882,0.869138,0.863932,0.877820,0.109037,0.872173
1190.000000,0.866801,0.859149,0.842253,0.834050,0.865881,0.865220,0.876501,0.109612,0.874584
1191.000000,0.870712,0.862734,0.844599,0.836449,0.874674,0.866959,0.874726,0.104668,0.875432
1192.000000,0.872381,0.864709,0.846607,0.838277,0.874218,0.865349,0.876237,0.131924,0.867544
1193.000000,0.873333,0.867095,0.849263,0.840147,0.869138,0.869212,0.879008,0.169420,0.876931
1194.000000,0.876019,0.869533,0.852457,0.842242,0.876368,0.875910,0.883560,0.173934,0.885601
1195.000000,0.877987,0.872394,0.855678,0.844484,0.885031,0.877455,0.891740,0.152363,0.884427
1196.000000,0.880725,0.875719,0.858986,0.846877,0.884119,0.879129,0.892268,0.116922,0.889121
1197.000000,0.886253,0.879317,0.862854,0.849495,0.888288,0.885118,0.889233,0.194007,0.895183
1198.000000,0.889316,0.881325,0.865612,0.851778,0.892522,0.884088,0.899789,0.143709,0.892250
1199.000000,0.892132,0.884075,0.869614,0.854401,0.893955,0.890817,0.898799,0.140662,0.899681
1200.000000,0.894114,0.886050,0.872600,0.856852,0.899752,0.891171,0.895435,0.224102,0.894335
1201.000000,0.896187,0.888456,0.875595,0.859218,0.892587,0.891171,0.899657,0.115797,0.899485
1202.000000,0.896056,0.891154,0.877932,0.861456,0.902032,0.891783,0.898865,0.158561,0.894531
1203.000000,0.896460,0.892888,0.879992,0.863805,0.891285,0.886728,0.899855,0.150601,0.894270
1204.000000,0.896056,0.894094,0.881813,0.866336,0.893695,0.888016,0.900844,0.137573,0.897660
1205.000000,0.896200,0.895157,0.883776,0.868837,0.896105,0.890399,0.902560,0.247112,0.895052
1206.000000,0.895587,0.895887,0.885803,0.871286,0.896365,0.888596,0.903615,0.108567,0.896421
1207.000000,0.894231,0.895144,0.887230,0.873618,0.895714,0.885505,0.897414,0.179146,0.887752
1208.000000,0.893162,0.894811,0.888068,0.875345,0.888223,0.880610,0.894049,0.142520,0.888925
1209.000000,0.889564,0.892810,0.888443,0.877346,0.884966,0.874879,0.886463,0.162280,0.879669
1210.000000,0.886722,0.891461,0.888756,0.878887,0.882882,0.873419,0.888640,0.167848,0.880842
1211.000000,0.882928,0.889258,0.888857,0.880149,0.879364,0.871531,0.886439,0.147767,0.877453
1212.000000,0.880164,0.887198,0.889176,0.881020,0.878061,0.868697,0.881647,0.213067,0.873933
1213.000000,0.876879,0.885021,0.888954,0.881668,0.872850,0.865220,0.873004,0.260148,0.872499
1214.000000,0.879030,0.884297,0.889196,0.882641,0.876759,0.882220,0.875907,0.253584,0.890424
1215.000000,0.882185,0.884453,0.889805,0.884001,0.885162,0.887758,0.884615,0.273294,0.896617
1216.000000,0.884141,0.883534,0.889711,0.885047,0.891610,0.885183,0.897810,0.176959,0.887230
1217.000000,0.888182,0.884173,0.889658,0.886211,0.887246,0.886213,0.896358,0.168805,0.894140
1218.000000,0.891167,0.884023,0.889417,0.886720,0.898841,0.890527,0.894643,0.142594,0.887426
1219.000000,0.895991,0.887511,0.890160,0.888132,0.886855,0.905210,0.897282,0.220993,0.914543
1220.000000,0.899263,0.890724,0.891092,0.889412,0.908872,0.908429,0.919713,0.244686,0.912978
1221.000000,0.901936,0.893038,0.891148,0.890251,0.909849,0.900895,0.908233,0.153610,0.900593
1222.000000,0.902431,0.895307,0.891252,0.891220,0.901446,0.897933,0.902824,0.107493,0.896617
1223.000000,0.904335,0.897751,0.891386,0.891887,0.896040,0.889594,0.905396,0.113352,0.896943
1224.000000,0.901388,0.898690,0.891493,0.892360,0.894607,0.889690,0.899525,0.108673,0.899811
1225.000000,0.898546,0.898905,0.891679,0.892838,0.900078,0.895099,0.907508,0.106699,0.898768
1226.000000,0.901141,0.901538,0.892536,0.893653,0.897082,0.903793,0.907178,0.162446,0.913565
1227.000000,0.904596,0.903513,0.893843,0.894277,0.909849,0.908236,0.916546,0.180266,0.913891
1228.000000,0.907294,0.905814,0.894919,0.894883,0.910109,0.910812,0.920372,0.144681,0.910436
1229.000000,0.909967,0.905678,0.896594,0.895333,0.914409,0.905467,0.918690,0.105369,0.913174
1230.000000,0.912066,0.905306,0.898015,0.895830,0.909132,0.902376,0.917271,0.131464,0.909263
1231.000000,0.914347,0.907744,0.900391,0.896680,0.912650,0.918540,0.921955,0.161865,0.924972
1232.000000,0.917450,0.911023,0.903165,0.897842,0.929651,0.927233,0.934424,0.153324,0.929405
1233.000000,0.920318,0.913806,0.905779,0.898859,0.933364,0.922725,0.926969,0.148016,0.924777
1234.000000,0.922626,0.916296,0.907493,0.899761,0.926850,0.920536,0.934424,0.044415,0.924712
1235.000000,0.925989,0.919027,0.908966,0.900795,0.926785,0.923562,0.936733,0.150779,0.926080
1236.000000,0.930187,0.922267,0.911903,0.902447,0.927892,0.935089,0.934886,0.195093,0.945962
1237.000000,0.937031,0.927241,0.915377,0.904976,0.950039,0.961363,0.961604,0.363819,0.963627
1238.000000,0.947031,0.933674,0.919744,0.907837,0.965737,0.977848,0.975327,0.346297,0.974773
1239.000000,0.958673,0.940649,0.923163,0.911279,0.986582,0.979715,0.979021,0.399377,0.982922
1240.000000,0.973457,0.949723,0.927515,0.915251,0.999870,0.991886,0.996042,0.347936,1.000000
1241.000000,0.982570,0.956378,0.932061,0.919054,1.000000,1.000000,1.000000,0.302954,0.991526
1242.000000,0.988984,0.963008,0.937015,0.923112,0.992574,0.986541,0.987531,0.203730,0.995698
1243.000000,0.992282,0.969656,0.941731,0.927071,0.993356,0.988409,0.991490,0.211858,0.991265
1244.000000,0.994929,0.976801,0.946548,0.930596,0.994463,0.985382,0.996240,0.212544,0.996154
1245.000000,0.994929,0.976801,0.946548,0.930596,0.994463,0.985382,0.996240,0.212544,0.996154
