0.000000,0.530869,0.531358,0.528916,0.527824,0.541962,0.539597,0.536798,0.140031,0.541237
1.000000,0.533999,0.532900,0.529953,0.528568,0.539858,0.543342,0.542396,0.097285,0.543346
2.000000,0.538106,0.534621,0.531269,0.529548,0.541962,0.546646,0.545718,0.152335,0.550783
3.000000,0.542236,0.535742,0.532112,0.530381,0.546612,0.544418,0.547502,0.063320,0.546121
4.000000,0.551116,0.540138,0.534343,0.531898,0.565877,0.570217,0.559545,0.291963,0.574093
5.000000,0.556488,0.543679,0.536230,0.533152,0.573959,0.571318,0.568020,0.139049,0.568099
6.000000,0.560773,0.547386,0.537973,0.534473,0.569641,0.566692,0.566682,0.084589,0.564769
7.000000,0.563925,0.551016,0.539899,0.535753,0.560120,0.563278,0.564117,0.141067,0.566545
8.000000,0.568432,0.555334,0.542136,0.537033,0.563330,0.566032,0.566682,0.090267,0.568654
9.000000,0.568054,0.559585,0.544705,0.538469,0.561891,0.568124,0.565901,0.089714,0.572206
10.000000,0.568920,0.562704,0.547031,0.540178,0.570748,0.568785,0.572703,0.068765,0.572428
11.000000,0.571495,0.566134,0.549517,0.542014,0.573959,0.575283,0.576940,0.096954,0.577645
12.000000,0.574359,0.569142,0.551881,0.543893,0.576949,0.576385,0.578724,0.073537,0.580864
13.000000,0.576113,0.572272,0.554007,0.545499,0.578167,0.575592,0.577163,0.127699,0.577423
14.000000,0.576690,0.572372,0.556255,0.547020,0.577281,0.576826,0.576829,0.085370,0.575092
15.000000,0.577867,0.573393,0.558536,0.548618,0.574181,0.574733,0.577498,0.151239,0.578311
16.000000,0.577844,0.574670,0.561028,0.550205,0.580049,0.577046,0.579003,0.087257,0.577534
17.000000,0.574981,0.574670,0.562843,0.551489,0.575177,0.572200,0.566347,0.155760,0.566545
18.000000,0.574759,0.575436,0.565385,0.553236,0.567205,0.571869,0.568131,0.123601,0.576313
19.000000,0.574870,0.575780,0.567682,0.555063,0.574513,0.574402,0.576160,0.154398,0.575647
20.000000,0.573604,0.575735,0.569220,0.556599,0.571191,0.571979,0.573037,0.294050,0.571984
21.000000,0.574048,0.575946,0.571040,0.558327,0.575841,0.575504,0.573372,0.116086,0.579754
22.000000,0.576646,0.575813,0.572478,0.559859,0.574734,0.575944,0.577609,0.120491,0.579532
23.000000,0.578044,0.576401,0.574337,0.561472,0.579717,0.579579,0.582293,0.095181,0.583306
24.000000,0.580375,0.577622,0.574997,0.563377,0.579384,0.585197,0.581401,0.171289,0.587302
25.000000,0.583350,0.578477,0.575935,0.565183,0.586692,0.583655,0.582627,0.134186,0.586858
26.000000,0.583972,0.579010,0.576840,0.567022,0.587356,0.588501,0.584077,0.216497,0.582862
27.000000,0.584460,0.580553,0.577611,0.568746,0.580934,0.579139,0.578501,0.103683,0.581974
28.000000,0.584815,0.581430,0.578433,0.570733,0.581931,0.580681,0.583631,0.083942,0.585082
29.000000,0.585392,0.582884,0.579332,0.572749,0.585806,0.585637,0.585861,0.111366,0.590188
30.000000,0.585836,0.584593,0.580164,0.574344,0.587024,0.586849,0.588537,0.109730,0.589078
31.000000,0.587168,0.585570,0.580758,0.575883,0.587910,0.587179,0.590544,0.061661,0.589522
32.000000,0.590099,0.587279,0.581546,0.577411,0.590788,0.593127,0.592887,0.122747,0.596626
33.000000,0.589122,0.586969,0.581685,0.578547,0.594553,0.592356,0.582070,0.174676,0.580198
34.000000,0.587035,0.586214,0.581918,0.578736,0.579274,0.577817,0.579237,0.126750,0.579754
35.000000,0.586480,0.586158,0.582318,0.579343,0.581045,0.582113,0.583472,0.103215,0.586303
36.000000,0.584238,0.585703,0.582357,0.579794,0.586138,0.583765,0.580843,0.085039,0.578311
37.000000,0.581374,0.585736,0.583145,0.580320,0.578609,0.579029,0.581735,0.076825,0.582307
38.000000,0.583883,0.586502,0.583966,0.581123,0.581267,0.590263,0.585415,0.082155,0.592741
39.000000,0.587679,0.587357,0.585120,0.582007,0.590345,0.594669,0.594558,0.217568,0.598735
40.000000,0.589122,0.587801,0.586197,0.582710,0.594110,0.592576,0.591882,0.190506,0.593518
41.000000,0.592008,0.588123,0.586846,0.583213,0.589903,0.589933,0.590656,0.088684,0.592741
42.000000,0.594983,0.588178,0.587729,0.583757,0.591231,0.594118,0.595450,0.064883,0.597181
43.000000,0.597158,0.590521,0.588745,0.584630,0.597764,0.600397,0.600134,0.092797,0.603619
44.000000,0.598468,0.593074,0.589644,0.585637,0.603078,0.602599,0.605486,0.090388,0.605284
45.000000,0.602420,0.595771,0.590965,0.586802,0.606621,0.608547,0.608943,0.073857,0.613276
46.000000,0.606749,0.599378,0.592541,0.588030,0.610828,0.609869,0.613308,0.127951,0.614386
47.000000,0.610212,0.602597,0.594167,0.589629,0.614039,0.612623,0.614296,0.131131,0.614497
48.000000,0.612321,0.604740,0.595621,0.590891,0.613043,0.612512,0.612734,0.112363,0.614164
49.000000,0.614430,0.606449,0.596903,0.592230,0.615146,0.613504,0.613292,0.104824,0.615829
50.000000,0.615429,0.608924,0.598363,0.593773,0.613264,0.613944,0.615968,0.203065,0.618271
51.000000,0.615895,0.611322,0.599722,0.595005,0.612710,0.615486,0.616302,0.057244,0.616717
52.000000,0.616894,0.613553,0.600866,0.596337,0.617471,0.616037,0.615076,0.088733,0.619492
53.000000,0.619825,0.616073,0.603297,0.597854,0.620018,0.626501,0.622881,0.123577,0.628816
54.000000,0.621556,0.617993,0.605533,0.599093,0.624004,0.623527,0.625028,0.121828,0.624487
55.000000,0.622755,0.619092,0.607431,0.600340,0.623007,0.621214,0.623327,0.097231,0.624265
56.000000,0.623732,0.619814,0.609596,0.601632,0.624336,0.625069,0.620317,0.089828,0.621601
57.000000,0.625597,0.621245,0.611921,0.603193,0.627768,0.625620,0.627453,0.132762,0.628816
58.000000,0.626018,0.622922,0.613831,0.604721,0.623893,0.626721,0.626512,0.045700,0.630925
59.000000,0.628438,0.624997,0.615723,0.606268,0.629207,0.632999,0.632509,0.128947,0.636586
60.000000,0.630059,0.626407,0.617666,0.607711,0.635740,0.632449,0.632471,0.060766,0.632368
61.000000,0.632789,0.628261,0.619791,0.609235,0.634079,0.630796,0.632806,0.093216,0.635254
62.000000,0.632767,0.629182,0.621368,0.610305,0.632418,0.629475,0.628903,0.211614,0.628705
63.000000,0.632390,0.629204,0.622638,0.611933,0.627768,0.625730,0.626617,0.080872,0.629038
64.000000,0.629593,0.629015,0.623504,0.613361,0.623118,0.620112,0.621655,0.061015,0.622600
65.000000,0.628305,0.629182,0.624137,0.614682,0.622786,0.621544,0.623216,0.075759,0.625930
66.000000,0.626551,0.629670,0.624742,0.616287,0.625886,0.624078,0.625446,0.077991,0.626485
67.000000,0.627905,0.630336,0.625791,0.618060,0.626550,0.630576,0.630910,0.111274,0.635476
68.000000,0.629704,0.631047,0.626984,0.619569,0.632972,0.635422,0.637043,0.060554,0.638029
69.000000,0.631502,0.630547,0.627772,0.620665,0.632972,0.632559,0.633029,0.053829,0.631591
70.000000,0.629282,0.628793,0.627600,0.621375,0.626882,0.624298,0.616414,0.143374,0.614830
71.000000,0.627994,0.627273,0.627767,0.622285,0.615921,0.616588,0.617975,0.100120,0.620047
72.000000,0.623021,0.625463,0.627323,0.622733,0.614703,0.611521,0.607382,0.073988,0.610612
73.000000,0.616561,0.623132,0.626168,0.622803,0.610053,0.607666,0.607159,0.051888,0.605728
74.000000,0.612521,0.622011,0.625513,0.623007,0.605735,0.608657,0.606657,0.110128,0.611389
75.000000,0.612676,0.620979,0.625080,0.623084,0.612046,0.613834,0.610504,0.043492,0.615607
76.000000,0.613342,0.620668,0.625169,0.623384,0.617139,0.618901,0.617752,0.048296,0.623377
77.000000,0.616650,0.619836,0.625086,0.623806,0.622232,0.623857,0.618310,0.118206,0.627151
78.000000,0.620202,0.618382,0.624714,0.624117,0.626771,0.626060,0.625892,0.128326,0.623488
79.000000,0.620890,0.616706,0.623626,0.624083,0.621900,0.618725,0.612846,0.128129,0.614830
80.000000,0.620646,0.616661,0.622727,0.623954,0.617139,0.614165,0.613961,0.206758,0.614386
81.000000,0.620513,0.616928,0.622100,0.624154,0.611050,0.618130,0.613515,0.351458,0.622711
82.000000,0.618226,0.617438,0.621451,0.624028,0.620128,0.616918,0.616748,0.130003,0.615718
83.000000,0.616961,0.618581,0.620857,0.623639,0.614593,0.617194,0.618254,0.082587,0.617161
84.000000,0.618293,0.619592,0.620801,0.623539,0.620793,0.621985,0.622770,0.112710,0.621490
85.000000,0.619891,0.620269,0.620624,0.623477,0.620571,0.620222,0.622212,0.109604,0.622378
86.000000,0.619980,0.620246,0.620457,0.623528,0.620571,0.619672,0.621766,0.122463,0.623155
87.000000,0.622178,0.620202,0.620019,0.623458,0.621568,0.621875,0.623995,0.170109,0.626707
88.000000,0.622977,0.619969,0.619175,0.623132,0.624668,0.622646,0.623439,0.075650,0.621157
89.000000,0.624087,0.621190,0.618948,0.622814,0.620903,0.627712,0.625335,0.210575,0.627040
90.000000,0.623887,0.621889,0.619275,0.622448,0.626107,0.624738,0.623996,0.123603,0.621379
91.000000,0.624242,0.622111,0.619519,0.622104,0.618468,0.620443,0.621543,0.132563,0.624931
92.000000,0.624709,0.623443,0.620441,0.622115,0.621014,0.624298,0.625446,0.085485,0.629038
93.000000,0.626063,0.624520,0.621551,0.622078,0.626661,0.628098,0.628345,0.081880,0.627928
94.000000,0.627350,0.625719,0.622655,0.622441,0.628986,0.629585,0.632360,0.091569,0.633478
95.000000,0.629748,0.626818,0.623543,0.622688,0.630314,0.631017,0.634813,0.065500,0.633367
96.000000,0.631280,0.627761,0.624004,0.622892,0.630536,0.629695,0.631469,0.055861,0.632590
97.000000,0.631147,0.627928,0.624065,0.622655,0.630979,0.633550,0.628234,0.061370,0.628372
98.000000,0.631413,0.628738,0.624353,0.622363,0.622232,0.624738,0.623327,0.106261,0.629260
99.000000,0.629526,0.628438,0.624814,0.622111,0.624446,0.622425,0.622993,0.055240,0.624043
100.000000,0.628216,0.628982,0.625436,0.622511,0.628100,0.629364,0.627007,0.089084,0.626818
101.000000,0.626618,0.628949,0.625530,0.622663,0.621789,0.623527,0.624778,0.070540,0.624598
102.000000,0.628016,0.629582,0.626512,0.623488,0.623339,0.631677,0.627788,0.143222,0.635365
103.000000,0.628083,0.629748,0.627134,0.624283,0.631089,0.631127,0.632471,0.116389,0.629593
104.000000,0.629482,0.629504,0.627611,0.624938,0.627879,0.628263,0.627788,0.116206,0.631036
105.000000,0.629726,0.628971,0.627894,0.625352,0.629318,0.631237,0.628234,0.111445,0.628039
106.000000,0.628638,0.627628,0.627695,0.625212,0.624668,0.622537,0.620763,0.085797,0.619159
107.000000,0.626507,0.627262,0.627595,0.625130,0.618136,0.619892,0.620874,0.078536,0.624709
108.000000,0.627128,0.627606,0.628172,0.625438,0.625221,0.629475,0.629460,0.050274,0.632701
109.000000,0.627883,0.628682,0.628560,0.626104,0.633193,0.636193,0.633698,0.081199,0.634810
110.000000,0.628483,0.629104,0.629043,0.626659,0.626218,0.629805,0.628234,0.053053,0.631036
111.000000,0.629082,0.628860,0.628904,0.626640,0.631311,0.631017,0.620763,0.084623,0.622156
112.000000,0.631324,0.628916,0.629249,0.627313,0.619132,0.631677,0.623550,0.051492,0.635920
113.000000,0.631413,0.629271,0.629509,0.627846,0.633968,0.631567,0.633475,0.036495,0.633145
114.000000,0.631302,0.629593,0.629548,0.628272,0.634632,0.632559,0.634924,0.087782,0.634255
115.000000,0.632390,0.630436,0.629704,0.628742,0.633304,0.634211,0.637823,0.082971,0.636475
116.000000,0.633611,0.631346,0.629487,0.628912,0.633193,0.632999,0.630798,0.070710,0.628261
117.000000,0.629237,0.630281,0.628771,0.628490,0.620461,0.620608,0.616302,0.063429,0.614053
118.000000,0.624775,0.628094,0.627850,0.628146,0.614150,0.611521,0.608720,0.209548,0.610834
119.000000,0.619647,0.625475,0.627078,0.627532,0.603078,0.607005,0.603591,0.078363,0.608614
120.000000,0.614141,0.623266,0.626185,0.627117,0.612046,0.609869,0.606044,0.096921,0.608947
121.000000,0.610501,0.622056,0.625458,0.626622,0.611160,0.610530,0.609166,0.100809,0.610057
122.000000,0.610700,0.619969,0.624442,0.626155,0.611271,0.613834,0.613292,0.048706,0.615052
123.000000,0.611100,0.617938,0.623604,0.625652,0.612932,0.612623,0.613738,0.277210,0.612832
124.000000,0.613586,0.616617,0.623105,0.625238,0.614371,0.621654,0.617306,0.080547,0.621046
125.000000,0.615673,0.614907,0.622672,0.624772,0.618136,0.620971,0.618310,0.078589,0.619381
126.000000,0.617716,0.614108,0.622727,0.624361,0.616253,0.615817,0.617306,0.030164,0.620269
127.000000,0.620402,0.615551,0.622916,0.624365,0.623118,0.623747,0.620428,0.044381,0.628483
128.000000,0.624154,0.617627,0.622860,0.624442,0.628764,0.628153,0.631133,0.073363,0.631591
129.000000,0.628261,0.620924,0.623199,0.625027,0.633747,0.637625,0.635816,0.086370,0.641581
130.000000,0.633344,0.624509,0.623887,0.625626,0.637733,0.641701,0.641503,0.059630,0.644800
131.000000,0.640981,0.629348,0.625702,0.626755,0.650797,0.653816,0.654215,0.098056,0.658453
132.000000,0.647708,0.634055,0.627012,0.627646,0.657219,0.657121,0.660013,0.081937,0.662116
133.000000,0.654057,0.639105,0.628521,0.628771,0.659876,0.658553,0.660571,0.068906,0.663337
134.000000,0.657676,0.642968,0.629792,0.629726,0.662090,0.659434,0.660905,0.083869,0.659674
135.000000,0.660539,0.646942,0.630925,0.630762,0.662201,0.658773,0.659345,0.125929,0.659119
136.000000,0.661672,0.651326,0.632717,0.632260,0.658769,0.659654,0.659456,0.078898,0.664114
137.000000,0.661516,0.654612,0.635082,0.633481,0.662644,0.660095,0.662467,0.073948,0.661339
138.000000,0.661250,0.657653,0.637640,0.634458,0.661094,0.662044,0.663805,0.065314,0.662005
139.000000,0.661561,0.659618,0.640271,0.635339,0.662976,0.659764,0.661463,0.043948,0.661228
140.000000,0.660051,0.660295,0.642402,0.636023,0.662312,0.658883,0.653769,0.121254,0.651571
141.000000,0.656743,0.659207,0.644278,0.636871,0.649247,0.660756,0.650535,0.141635,0.647575
142.000000,0.653102,0.657309,0.645682,0.637111,0.644043,0.643463,0.641726,0.096127,0.643135
143.000000,0.650549,0.655900,0.647502,0.637648,0.638729,0.645886,0.643287,0.187567,0.649240
144.000000,0.647930,0.654745,0.648857,0.638110,0.651129,0.648640,0.649309,0.174978,0.648130
145.000000,0.647242,0.653646,0.650294,0.638499,0.649911,0.647098,0.649532,0.237364,0.648130
146.000000,0.650727,0.653735,0.652531,0.639723,0.654562,0.664060,0.659233,0.284244,0.665002
147.000000,0.656366,0.654734,0.654673,0.641632,0.665080,0.669016,0.666258,0.080813,0.671329
148.000000,0.659651,0.655100,0.656377,0.643460,0.669066,0.667386,0.666927,0.055348,0.665668
149.000000,0.662049,0.654989,0.657304,0.645177,0.665633,0.663179,0.660905,0.100289,0.660118
150.000000,0.664513,0.655877,0.658086,0.646894,0.658437,0.655689,0.657895,0.075992,0.660451
151.000000,0.665468,0.658097,0.658652,0.648884,0.662533,0.667585,0.657449,0.081095,0.669775
152.000000,0.664669,0.660517,0.658913,0.650627,0.667626,0.667364,0.668042,0.050217,0.667333
153.000000,0.665224,0.662438,0.659169,0.652481,0.662976,0.665051,0.667707,0.061123,0.668443
154.000000,0.667177,0.664613,0.659679,0.654109,0.668623,0.666263,0.667038,0.043784,0.669886
155.000000,0.668975,0.666744,0.660195,0.655778,0.667516,0.667254,0.670317,0.039192,0.669442
156.000000,0.666445,0.665956,0.659846,0.657006,0.661980,0.658883,0.659790,0.057369,0.657121
157.000000,0.664602,0.664635,0.659685,0.657994,0.656001,0.654257,0.658229,0.053879,0.658120
158.000000,0.662426,0.663825,0.659463,0.658860,0.655890,0.654698,0.659211,0.064423,0.657565
159.000000,0.660184,0.663681,0.659335,0.659429,0.656997,0.656350,0.660236,0.075361,0.658675
160.000000,0.657054,0.663015,0.659446,0.659729,0.653676,0.653861,0.655330,0.084737,0.653791
161.000000,0.657920,0.662182,0.660140,0.659829,0.654451,0.661306,0.659099,0.041195,0.661450
162.000000,0.659141,0.661871,0.661194,0.659899,0.661980,0.659544,0.662690,0.030034,0.664225
163.000000,0.660983,0.661705,0.662071,0.660014,0.663198,0.665492,0.665901,0.044349,0.666778
164.000000,0.659674,0.659929,0.662271,0.659762,0.656997,0.658332,0.654326,0.063075,0.652126
165.000000,0.659474,0.658264,0.662504,0.659552,0.648361,0.649631,0.652988,0.054984,0.652792
166.000000,0.658630,0.658275,0.662116,0.659322,0.649801,0.654698,0.654438,0.045729,0.657232
167.000000,0.656344,0.657742,0.661189,0.659037,0.656997,0.661747,0.651539,0.166156,0.652792
168.000000,0.652570,0.656777,0.660301,0.658567,0.658105,0.658443,0.640054,0.257402,0.647908
169.000000,0.652281,0.655977,0.659829,0.658216,0.645926,0.648750,0.649309,0.071897,0.650683
170.000000,0.651571,0.655522,0.659269,0.658138,0.648361,0.648640,0.651985,0.045784,0.649240
171.000000,0.650017,0.654323,0.658253,0.658201,0.649026,0.648860,0.644068,0.045335,0.649462
172.000000,0.650771,0.653558,0.657715,0.658649,0.649911,0.655083,0.650089,0.079383,0.656566
173.000000,0.653258,0.652914,0.657309,0.659019,0.658437,0.659654,0.658564,0.103093,0.660340
174.000000,0.655234,0.653757,0.656843,0.659433,0.656444,0.657892,0.661128,0.070193,0.660562
175.000000,0.656699,0.654135,0.656199,0.659714,0.659101,0.660205,0.659121,0.110544,0.656566
176.000000,0.657809,0.653913,0.656094,0.659381,0.657219,0.655138,0.657114,0.081067,0.655012
177.000000,0.660406,0.655589,0.656666,0.659322,0.661094,0.667144,0.663916,0.078781,0.669553
178.000000,0.660451,0.656854,0.656815,0.659152,0.668733,0.666373,0.661909,0.111495,0.660562
179.000000,0.662027,0.658630,0.657304,0.659429,0.658880,0.664611,0.659790,0.128322,0.668443
180.000000,0.664158,0.660428,0.657975,0.659655,0.668180,0.665822,0.666927,0.070411,0.667222
181.000000,0.666889,0.662349,0.658336,0.659618,0.669841,0.666483,0.670183,0.195005,0.668665
182.000000,0.667066,0.663736,0.658647,0.659722,0.666408,0.668135,0.668488,0.116638,0.670441
183.000000,0.669064,0.664757,0.658836,0.659792,0.668401,0.669127,0.669938,0.076089,0.670552
184.000000,0.669153,0.665590,0.659674,0.659759,0.667958,0.666483,0.667930,0.092384,0.668887
185.000000,0.670174,0.667166,0.660650,0.659855,0.669730,0.668906,0.670272,0.074818,0.672328
186.000000,0.668864,0.667877,0.660895,0.660021,0.667626,0.665932,0.664920,0.143363,0.662116
187.000000,0.668265,0.667666,0.661627,0.660332,0.656001,0.662738,0.659567,0.172173,0.667444
188.000000,0.669775,0.669419,0.663137,0.661017,0.664083,0.679150,0.667819,0.255752,0.678100
189.000000,0.669819,0.669486,0.664058,0.661365,0.666519,0.664941,0.662801,0.150252,0.669109
190.000000,0.667954,0.669064,0.664746,0.661672,0.663419,0.660315,0.660459,0.111666,0.663004
191.000000,0.669020,0.668942,0.665645,0.661871,0.660540,0.665822,0.664252,0.076268,0.667444
192.000000,0.669308,0.668787,0.666262,0.662027,0.661758,0.664390,0.660013,0.163288,0.668887
193.000000,0.667111,0.668443,0.666600,0.662038,0.663862,0.667915,0.668599,0.182574,0.667111
194.000000,0.665978,0.667899,0.666744,0.662415,0.666298,0.664060,0.663024,0.167257,0.663448
195.000000,0.668642,0.668298,0.667732,0.663200,0.669619,0.671329,0.673119,0.047399,0.676324
196.000000,0.671573,0.670296,0.669086,0.664029,0.671723,0.677498,0.673729,0.051371,0.682096
197.000000,0.675258,0.672283,0.669974,0.665179,0.676262,0.682234,0.677855,0.066861,0.687313
198.000000,0.677789,0.672450,0.670935,0.666241,0.682795,0.679700,0.680754,0.074117,0.679765
199.000000,0.681962,0.673970,0.671728,0.667362,0.680137,0.684326,0.684880,0.064080,0.684316
200.000000,0.686003,0.677323,0.673193,0.668938,0.679916,0.691376,0.684077,0.076631,0.696526
201.000000,0.689866,0.680719,0.674831,0.670670,0.694863,0.697103,0.697717,0.063297,0.701410
202.000000,0.693484,0.684371,0.676579,0.672298,0.699513,0.700187,0.703278,0.053469,0.705406
203.000000,0.700144,0.688967,0.678705,0.674056,0.706488,0.708889,0.708519,0.043465,0.713065
204.000000,0.703918,0.692940,0.680420,0.675476,0.707817,0.706906,0.702609,0.068078,0.703186
205.000000,0.705717,0.695860,0.682079,0.677108,0.702281,0.704042,0.703880,0.099945,0.705517
206.000000,0.708136,0.699001,0.684649,0.679058,0.704052,0.708668,0.709077,0.043826,0.713509
207.000000,0.709513,0.701499,0.686891,0.680482,0.709920,0.710431,0.712868,0.056415,0.712288
208.000000,0.709002,0.704573,0.688511,0.682147,0.710474,0.710761,0.707850,0.075247,0.710512
209.000000,0.709468,0.706693,0.690332,0.683383,0.708702,0.708778,0.707293,0.118655,0.705517
210.000000,0.710800,0.708258,0.692791,0.684882,0.698627,0.710210,0.693689,0.234854,0.712177
211.000000,0.709935,0.709035,0.694877,0.686232,0.713242,0.712634,0.708240,0.100692,0.709180
212.000000,0.709735,0.709624,0.696997,0.687594,0.707927,0.706465,0.707962,0.106081,0.711289
213.000000,0.709224,0.709113,0.699040,0.688841,0.708592,0.705474,0.703278,0.104144,0.707959
214.000000,0.711022,0.710245,0.701593,0.690361,0.709477,0.712193,0.709300,0.093653,0.714508
215.000000,0.709357,0.710079,0.702969,0.691412,0.715013,0.713405,0.706512,0.090016,0.703852
216.000000,0.710157,0.710046,0.704523,0.693114,0.700731,0.709770,0.705731,0.054501,0.713176
217.000000,0.711577,0.710656,0.706077,0.694813,0.710695,0.713515,0.715210,0.060095,0.718393
218.000000,0.712954,0.711089,0.707831,0.696037,0.716895,0.713184,0.713537,0.082604,0.714841
219.000000,0.714552,0.712787,0.709740,0.697817,0.707927,0.717039,0.712979,0.057176,0.722500
220.000000,0.717904,0.713631,0.710945,0.699737,0.721435,0.718471,0.721008,0.085355,0.720613
221.000000,0.719436,0.714796,0.711916,0.701517,0.718335,0.715718,0.721454,0.104661,0.720835
222.000000,0.719569,0.715573,0.712599,0.703189,0.720660,0.717039,0.721231,0.108650,0.719059
223.000000,0.719547,0.716250,0.712682,0.704777,0.716453,0.714836,0.717106,0.089106,0.714730
224.000000,0.716883,0.715718,0.712981,0.706301,0.714903,0.713713,0.710861,0.373547,0.709180
225.000000,0.715063,0.716484,0.713281,0.707474,0.709588,0.709770,0.712533,0.189176,0.711511
226.000000,0.713420,0.716428,0.713237,0.708492,0.710585,0.711312,0.711418,0.142608,0.712621
227.000000,0.712221,0.715895,0.713276,0.709350,0.713242,0.711642,0.714708,0.309277,0.713065
228.000000,0.712177,0.715862,0.713475,0.710508,0.711027,0.711422,0.710526,0.087443,0.714508
229.000000,0.714530,0.715707,0.714247,0.711729,0.715567,0.716378,0.717496,0.223575,0.720946
230.000000,0.716350,0.715707,0.714669,0.712532,0.719110,0.718691,0.723405,0.074656,0.720613
231.000000,0.718060,0.715740,0.715268,0.713191,0.719221,0.723956,0.717997,0.098964,0.721168
232.000000,0.717993,0.715107,0.715340,0.713435,0.716895,0.715211,0.713202,0.141523,0.712732
233.000000,0.716750,0.714463,0.715357,0.713276,0.706931,0.706355,0.703613,0.082616,0.708292
234.000000,0.714819,0.714674,0.715196,0.713546,0.704717,0.706135,0.707070,0.078490,0.711289
235.000000,0.714308,0.715329,0.715906,0.713964,0.713131,0.713845,0.712979,0.074673,0.718060
236.000000,0.713464,0.715762,0.716095,0.714079,0.715235,0.712634,0.715656,0.135998,0.716950
237.000000,0.713620,0.715806,0.715851,0.714119,0.713020,0.711202,0.715767,0.083037,0.713509
238.000000,0.712288,0.714519,0.715190,0.713823,0.713020,0.710695,0.704059,0.117351,0.701632
239.000000,0.710778,0.712798,0.714252,0.713764,0.699624,0.701179,0.704616,0.075081,0.703741
240.000000,0.708580,0.711444,0.713575,0.713594,0.702724,0.703381,0.707293,0.063905,0.707071
241.000000,0.708092,0.710778,0.713259,0.713771,0.709588,0.711092,0.712199,0.099791,0.714508
242.000000,0.708514,0.711067,0.713087,0.713916,0.711692,0.712413,0.715210,0.105248,0.715618
243.000000,0.712665,0.712476,0.713470,0.714397,0.716674,0.717260,0.711641,0.121109,0.722389
244.000000,0.715729,0.713253,0.713964,0.714548,0.718335,0.720344,0.719224,0.088843,0.719059
245.000000,0.719414,0.713997,0.714663,0.715270,0.717781,0.721005,0.722346,0.178622,0.725497
246.000000,0.722700,0.715396,0.715579,0.715862,0.727414,0.725410,0.727475,0.078460,0.730936
247.000000,0.726962,0.717738,0.716772,0.716480,0.729960,0.731358,0.731824,0.059103,0.736930
248.000000,0.730758,0.721712,0.718115,0.717364,0.737489,0.736535,0.737400,0.073447,0.741370
249.000000,0.735065,0.725397,0.719098,0.717967,0.741253,0.739068,0.739853,0.057245,0.740593
250.000000,0.739882,0.729648,0.720546,0.718933,0.739150,0.744245,0.743310,0.084872,0.749584
251.000000,0.744234,0.733467,0.722122,0.719995,0.747453,0.747439,0.751004,0.082630,0.752692
252.000000,0.745876,0.736419,0.723743,0.720864,0.750221,0.749091,0.746766,0.137835,0.745144
253.000000,0.746010,0.738384,0.725430,0.721775,0.741253,0.741271,0.741414,0.142796,0.742036
254.000000,0.745521,0.740293,0.726773,0.722740,0.743246,0.740170,0.738738,0.178574,0.738151
255.000000,0.743923,0.741903,0.727950,0.723743,0.740035,0.736645,0.738961,0.205898,0.741592
256.000000,0.744811,0.744522,0.729959,0.725227,0.743025,0.752175,0.745874,0.318215,0.757132
257.000000,0.746187,0.746032,0.731885,0.726525,0.756864,0.756471,0.752453,0.215427,0.752026
258.000000,0.748851,0.747430,0.734571,0.727887,0.750000,0.750743,0.753791,0.196408,0.755356
259.000000,0.750250,0.747885,0.736641,0.728694,0.754982,0.756251,0.747101,0.284815,0.745144
260.000000,0.753447,0.748685,0.739166,0.729926,0.746457,0.755810,0.750446,0.245823,0.757576
261.000000,0.752980,0.748896,0.741181,0.731047,0.759522,0.757572,0.754126,0.261719,0.754801
262.000000,0.753535,0.749861,0.743140,0.732449,0.751771,0.751955,0.755910,0.250006,0.754801
263.000000,0.751737,0.750294,0.744339,0.733718,0.753211,0.751129,0.749331,1.000000,0.746365
264.000000,0.751826,0.751038,0.745665,0.734861,0.748118,0.746007,0.745428,0.211570,0.745588
265.000000,0.749029,0.751238,0.746570,0.735712,0.746568,0.742703,0.745540,0.197662,0.743590
266.000000,0.745255,0.749118,0.746820,0.736345,0.741032,0.737746,0.734946,0.178213,0.735931
267.000000,0.737440,0.745488,0.745760,0.736419,0.731289,0.727503,0.718555,0.167328,0.715729
268.000000,0.728916,0.740326,0.743878,0.736489,0.710363,0.711752,0.706958,0.188342,0.703741
269.000000,0.721146,0.736486,0.742186,0.736589,0.704606,0.702500,0.705843,0.144439,0.706738
270.000000,0.713087,0.731058,0.739871,0.736464,0.699181,0.704483,0.700714,0.219285,0.703297
271.000000,0.708447,0.726851,0.737873,0.736404,0.708924,0.707787,0.708352,0.162704,0.712732
272.000000,0.706938,0.722189,0.736025,0.736156,0.700066,0.707457,0.703724,0.185658,0.708181
273.000000,0.702542,0.715729,0.733011,0.734802,0.707042,0.704923,0.683541,0.358746,0.681763
274.000000,0.699123,0.710134,0.730586,0.733822,0.685341,0.686419,0.682203,0.235457,0.689644
275.000000,0.696770,0.704928,0.728083,0.732690,0.686227,0.689063,0.684211,0.109874,0.691531
276.000000,0.692974,0.700710,0.724914,0.731450,0.690766,0.689834,0.692462,0.150580,0.693751
277.000000,0.692285,0.699611,0.722550,0.730377,0.706377,0.703932,0.699041,0.114092,0.704740
278.000000,0.696703,0.699623,0.719974,0.729126,0.699734,0.701784,0.701048,0.127232,0.703852
279.000000,0.700477,0.699800,0.718143,0.728057,0.701838,0.703712,0.704059,0.141977,0.708514
280.000000,0.704118,0.700444,0.715751,0.726729,0.706377,0.706906,0.710303,0.081224,0.709735
281.000000,0.708381,0.700677,0.713764,0.725475,0.703499,0.710816,0.708519,0.074772,0.715063
282.000000,0.711222,0.701754,0.711971,0.724601,0.710917,0.715277,0.715990,0.056175,0.718948
283.000000,0.714708,0.705705,0.710717,0.723909,0.718113,0.717590,0.717105,0.114614,0.721279
284.000000,0.716239,0.708358,0.709246,0.723177,0.717117,0.721225,0.718778,0.115680,0.716173
285.000000,0.718260,0.711189,0.708059,0.722452,0.713685,0.720894,0.716548,0.147764,0.719836
286.000000,0.718748,0.713564,0.707137,0.721131,0.718888,0.716378,0.719001,0.062781,0.717505
287.000000,0.717860,0.714541,0.707076,0.719880,0.716342,0.718471,0.717440,0.097054,0.714508
288.000000,0.717016,0.715862,0.707742,0.718604,0.711802,0.715607,0.716414,0.081679,0.717061
289.000000,0.717949,0.717094,0.708447,0.717793,0.717671,0.722987,0.722792,0.100776,0.720835
290.000000,0.719414,0.718837,0.709640,0.716780,0.718335,0.723868,0.723104,0.113782,0.727162
291.000000,0.722811,0.720779,0.710728,0.716102,0.725310,0.735103,0.730486,0.152399,0.734488
292.000000,0.724942,0.721401,0.711577,0.715115,0.725531,0.724860,0.725914,0.156982,0.725164
293.000000,0.727495,0.722256,0.713980,0.714563,0.733503,0.731010,0.730152,0.107337,0.729826
294.000000,0.729693,0.723821,0.716089,0.714104,0.728299,0.727349,0.729594,0.076623,0.731824
295.000000,0.730225,0.724820,0.718004,0.713646,0.731178,0.728494,0.732270,0.089042,0.729826
296.000000,0.729249,0.726030,0.719797,0.713435,0.730735,0.729926,0.730285,0.080286,0.729604
297.000000,0.729759,0.727350,0.720946,0.713834,0.727524,0.725410,0.727698,0.097079,0.727717
298.000000,0.728227,0.727861,0.721861,0.714449,0.727967,0.725080,0.723684,0.070781,0.722167
299.000000,0.726252,0.727972,0.722533,0.714955,0.717228,0.717480,0.719335,0.117094,0.721945
300.000000,0.722700,0.726462,0.722650,0.715248,0.722653,0.720564,0.714764,0.084961,0.712066
301.000000,0.719991,0.724620,0.722700,0.715359,0.710252,0.715607,0.713537,0.075785,0.716062
302.000000,0.718659,0.724209,0.722805,0.715788,0.716563,0.718471,0.721566,0.072631,0.721057
303.000000,0.719569,0.723898,0.723077,0.717286,0.719774,0.721555,0.724130,0.078326,0.726718
304.000000,0.719170,0.722711,0.723266,0.718297,0.722653,0.724265,0.718889,0.085889,0.719947
305.000000,0.720302,0.721501,0.723160,0.719170,0.717560,0.715607,0.719447,0.072203,0.717727
306.000000,0.720835,0.720413,0.723221,0.720002,0.718446,0.721665,0.720004,0.176084,0.718726
307.000000,0.719125,0.718892,0.723121,0.720261,0.714570,0.718361,0.707739,0.084182,0.712510
308.000000,0.716217,0.717893,0.722877,0.720539,0.712467,0.712303,0.712310,0.086060,0.712177
309.000000,0.713353,0.716262,0.722117,0.720443,0.714570,0.710871,0.708185,0.083097,0.705628
310.000000,0.711200,0.715751,0.721107,0.720350,0.701949,0.701950,0.703725,0.056435,0.706960
311.000000,0.710134,0.715485,0.720052,0.720295,0.706488,0.711642,0.711530,0.067808,0.713398
312.000000,0.714375,0.716750,0.720480,0.720787,0.716342,0.729706,0.718722,0.120736,0.733711
313.000000,0.720790,0.718504,0.721201,0.721553,0.733503,0.739288,0.734389,0.138735,0.744256
314.000000,0.728716,0.721035,0.721873,0.722522,0.741364,0.742483,0.742696,0.144395,0.745255
315.000000,0.735354,0.723277,0.722389,0.723199,0.744686,0.743584,0.739184,0.132316,0.740149
316.000000,0.739283,0.724709,0.722561,0.723717,0.742914,0.740059,0.733999,0.084560,0.733045
317.000000,0.737773,0.726074,0.722483,0.724106,0.729296,0.725520,0.727252,0.078624,0.726163
318.000000,0.735109,0.727950,0.722922,0.724568,0.725089,0.725851,0.725112,0.090629,0.730936
319.000000,0.733111,0.730914,0.723588,0.725049,0.729185,0.733671,0.734054,0.109270,0.735265
320.000000,0.730958,0.733156,0.724453,0.725123,0.733835,0.731248,0.729929,0.107373,0.729382
321.000000,0.728028,0.733655,0.724570,0.724587,0.745682,0.741822,0.719670,0.101191,0.718393
322.000000,0.727517,0.732645,0.724698,0.724535,0.721103,0.724044,0.720897,0.120984,0.723610
323.000000,0.727917,0.731513,0.725008,0.724638,0.725310,0.729596,0.720227,0.113919,0.732934
324.000000,0.728272,0.730692,0.725863,0.724812,0.733946,0.734662,0.738069,0.076778,0.737041
325.000000,0.730181,0.730569,0.726923,0.725116,0.735717,0.736755,0.738292,0.220268,0.738928
326.000000,0.735420,0.731724,0.728216,0.725615,0.736492,0.739178,0.738515,0.079401,0.744589
327.000000,0.740815,0.734166,0.730120,0.726377,0.744243,0.746117,0.746209,0.149320,0.750583
328.000000,0.743412,0.735664,0.731807,0.727169,0.746678,0.746558,0.748550,0.060641,0.745921
329.000000,0.745543,0.736908,0.733911,0.728028,0.745239,0.742373,0.740299,0.137655,0.747697
330.000000,0.746809,0.738495,0.735825,0.729134,0.744021,0.744135,0.741637,0.076849,0.745255
331.000000,0.746409,0.740915,0.737285,0.730018,0.740810,0.743254,0.739518,0.185870,0.742591
332.000000,0.745299,0.743057,0.737851,0.730817,0.741032,0.741822,0.744202,0.095649,0.745033
333.000000,0.745788,0.744600,0.738056,0.731539,0.739593,0.743144,0.742417,0.141717,0.748363
334.000000,0.745410,0.745477,0.738084,0.732401,0.749004,0.745897,0.747212,0.121873,0.745810
335.000000,0.744389,0.745599,0.738084,0.733148,0.745571,0.743364,0.741525,0.103638,0.740149
336.000000,0.744034,0.745221,0.738473,0.733885,0.732285,0.737196,0.736508,0.127832,0.740815
337.000000,0.742369,0.743834,0.739000,0.734691,0.736050,0.733891,0.737556,0.073004,0.736708
338.000000,0.740282,0.743035,0.739350,0.735550,0.733392,0.732349,0.731880,0.182107,0.737929
339.000000,0.739194,0.742302,0.739605,0.736708,0.736382,0.740830,0.739630,0.077698,0.740371
340.000000,0.738994,0.741692,0.740093,0.737781,0.735939,0.736645,0.735727,0.084826,0.739150
341.000000,0.740682,0.742358,0.741636,0.738976,0.741364,0.744465,0.742529,0.071634,0.749251
342.000000,0.742058,0.742213,0.742635,0.739305,0.750000,0.747219,0.744536,0.088530,0.743590
343.000000,0.742724,0.741503,0.743051,0.739205,0.740368,0.740500,0.741748,0.157114,0.741259
344.000000,0.741126,0.740160,0.742818,0.738776,0.736603,0.732900,0.732270,0.064640,0.732379
345.000000,0.740127,0.739560,0.742580,0.738576,0.730846,0.729375,0.730653,0.063099,0.734155
346.000000,0.738195,0.739438,0.742330,0.738795,0.732396,0.739949,0.735393,0.092264,0.739594
347.000000,0.735576,0.738817,0.741325,0.738939,0.734500,0.734332,0.728591,0.085353,0.730492
348.000000,0.733888,0.738306,0.740670,0.739002,0.731289,0.729486,0.732159,0.069332,0.732823
349.000000,0.733755,0.737440,0.739871,0.738883,0.731510,0.730146,0.733608,0.079907,0.731713
350.000000,0.733422,0.736774,0.739233,0.738987,0.730071,0.730257,0.733608,0.082990,0.732490
351.000000,0.731913,0.735054,0.738706,0.739442,0.732285,0.728494,0.733720,0.099510,0.732046
352.000000,0.732246,0.733911,0.738062,0.739727,0.730957,0.728715,0.729706,0.114203,0.732157
353.000000,0.733023,0.733455,0.737479,0.739853,0.732507,0.731248,0.732605,0.082062,0.736708
354.000000,0.734510,0.734133,0.737146,0.739923,0.735385,0.734222,0.738180,0.081079,0.739150
355.000000,0.735642,0.734532,0.737046,0.739897,0.738707,0.735544,0.736954,0.092875,0.738151
356.000000,0.736242,0.734077,0.736758,0.739579,0.734057,0.732570,0.736508,0.067483,0.735043
357.000000,0.736708,0.734477,0.736647,0.739042,0.731621,0.731248,0.735616,0.060113,0.734488
358.000000,0.737063,0.735043,0.736674,0.738795,0.733392,0.734002,0.733720,0.093174,0.738484
359.000000,0.738217,0.736364,0.736902,0.738702,0.738153,0.741271,0.741414,0.068778,0.744922
360.000000,0.739838,0.737740,0.737257,0.738735,0.742139,0.744355,0.747435,0.054573,0.746254
361.000000,0.741858,0.739050,0.737052,0.738820,0.744132,0.742483,0.743533,0.062324,0.745144
362.000000,0.742813,0.739760,0.736835,0.738628,0.739482,0.737306,0.740856,0.052770,0.739261
363.000000,0.741858,0.739461,0.736458,0.738140,0.735496,0.736425,0.732828,0.068364,0.733711
364.000000,0.740304,0.739261,0.736697,0.737851,0.719110,0.734332,0.724242,0.131222,0.737152
365.000000,0.736774,0.738306,0.736419,0.737466,0.734167,0.732129,0.731044,0.092596,0.728605
366.000000,0.734998,0.738428,0.736253,0.737315,0.724867,0.736865,0.729371,0.130948,0.736264
367.000000,0.733822,0.738317,0.736397,0.737204,0.734389,0.731303,0.733162,0.098400,0.733378
368.000000,0.735109,0.738484,0.736763,0.737278,0.731399,0.735213,0.736619,0.057938,0.740149
369.000000,0.735598,0.737951,0.737157,0.737252,0.739039,0.739068,0.740856,0.119909,0.739594
370.000000,0.737263,0.737019,0.737379,0.737178,0.739703,0.736535,0.739630,0.065546,0.736930
371.000000,0.736530,0.735764,0.737407,0.736623,0.730957,0.735103,0.734723,0.077772,0.732601
372.000000,0.737241,0.735531,0.737646,0.736401,0.731289,0.734773,0.736508,0.074248,0.736930
373.000000,0.736419,0.735764,0.737612,0.736227,0.734721,0.735213,0.733608,0.070678,0.736042
374.000000,0.737263,0.736430,0.737845,0.736608,0.732064,0.738077,0.737288,0.274996,0.743812
375.000000,0.738639,0.737951,0.738129,0.736930,0.740589,0.742042,0.742083,0.110563,0.743812
376.000000,0.741991,0.739261,0.738844,0.737255,0.744686,0.748981,0.748673,0.148655,0.749362
377.000000,0.742768,0.740004,0.739161,0.737599,0.745350,0.744135,0.742306,0.061636,0.740815
378.000000,0.744234,0.740326,0.739405,0.737951,0.742250,0.739068,0.743421,0.039912,0.743368
379.000000,0.742924,0.740093,0.739022,0.738136,0.739039,0.737086,0.735671,0.073149,0.737263
380.000000,0.741214,0.739927,0.738473,0.738228,0.733614,0.731468,0.734166,0.125283,0.735265
381.000000,0.738573,0.740282,0.738023,0.738365,0.733946,0.733341,0.733943,0.094586,0.736153
382.000000,0.737507,0.740138,0.737834,0.738476,0.724756,0.731358,0.729929,0.087776,0.735487
383.000000,0.736131,0.740182,0.737973,0.738469,0.732507,0.732019,0.735058,0.068021,0.736486
384.000000,0.736397,0.739660,0.738045,0.738450,0.739039,0.738187,0.739184,0.100217,0.738595
385.000000,0.737685,0.739449,0.738700,0.738569,0.735939,0.738297,0.738180,0.099874,0.741703
386.000000,0.737751,0.738162,0.738711,0.738617,0.741253,0.738738,0.735058,0.186086,0.736486
387.000000,0.735021,0.736264,0.738134,0.738195,0.729407,0.728164,0.724242,0.096236,0.721834
388.000000,0.734355,0.735243,0.737784,0.738018,0.722985,0.728825,0.721009,0.202477,0.733156
389.000000,0.731824,0.734110,0.737102,0.737385,0.727192,0.723428,0.724688,0.094284,0.725941
390.000000,0.724964,0.731324,0.735625,0.736090,0.711249,0.712083,0.707293,0.253512,0.707404
391.000000,0.719014,0.728383,0.734332,0.734810,0.706267,0.705474,0.705230,0.217830,0.706738
392.000000,0.716262,0.725641,0.732889,0.733770,0.703609,0.707236,0.708073,0.128498,0.708070
393.000000,0.710601,0.722478,0.731330,0.732808,0.702391,0.705253,0.705174,0.204299,0.704851
394.000000,0.705073,0.718448,0.729054,0.731513,0.698738,0.695947,0.698707,0.189243,0.698302
395.000000,0.702631,0.713797,0.726623,0.730399,0.696081,0.696552,0.697591,0.161950,0.695194
396.000000,0.699167,0.709091,0.723626,0.728838,0.694531,0.694239,0.691570,0.165276,0.689422
397.000000,0.693196,0.704729,0.720496,0.726999,0.684566,0.681022,0.678970,0.138559,0.678211
398.000000,0.687934,0.699267,0.717255,0.724945,0.676151,0.676837,0.675401,0.253551,0.678544
399.000000,0.684538,0.694805,0.714458,0.723003,0.678698,0.677387,0.676539,0.126427,0.681319
400.000000,0.680852,0.691742,0.711533,0.720998,0.675376,0.677608,0.676349,0.106644,0.676768
401.000000,0.679543,0.689355,0.708869,0.719340,0.673051,0.683666,0.674844,0.194829,0.682873
402.000000,0.680608,0.686902,0.706272,0.717560,0.685009,0.683445,0.683541,0.180359,0.683539
403.000000,0.683339,0.685637,0.704057,0.716099,0.683902,0.687521,0.682872,0.101088,0.692197
404.000000,0.685070,0.684804,0.701626,0.714304,0.693977,0.694460,0.692406,0.076846,0.689977
405.000000,0.688134,0.684493,0.699145,0.712580,0.686780,0.688182,0.688760,0.099347,0.692086
406.000000,0.691664,0.685603,0.697347,0.710952,0.693534,0.695561,0.693912,0.117268,0.700522
407.000000,0.695127,0.687868,0.696298,0.709620,0.699956,0.701597,0.702832,0.103371,0.700855
408.000000,0.697214,0.690276,0.694772,0.708262,0.700952,0.698645,0.701160,0.151432,0.702631
409.000000,0.700588,0.692829,0.693817,0.707248,0.704163,0.701839,0.706289,0.082875,0.706849
410.000000,0.704540,0.696337,0.694039,0.706468,0.706377,0.706465,0.709857,0.084932,0.711844
411.000000,0.705961,0.698812,0.694084,0.705517,0.708481,0.706134,0.709746,0.118106,0.707626
412.000000,0.707715,0.701421,0.694161,0.704655,0.709920,0.709219,0.711084,0.128674,0.709624
413.000000,0.708425,0.702819,0.694228,0.703645,0.709035,0.707457,0.709077,0.109952,0.706183
414.000000,0.708514,0.704551,0.694678,0.702601,0.708702,0.706465,0.706735,0.098320,0.707293
415.000000,0.708136,0.706338,0.695416,0.701543,0.705824,0.707457,0.709969,0.072435,0.709957
416.000000,0.708691,0.707326,0.696465,0.700673,0.709256,0.707071,0.709857,0.047165,0.710401
417.000000,0.708891,0.708303,0.698085,0.700300,0.707817,0.707347,0.709690,0.047994,0.710623
418.000000,0.710068,0.709246,0.699761,0.699597,0.708813,0.707236,0.709411,0.063817,0.712066
419.000000,0.711888,0.710201,0.701515,0.699278,0.712799,0.714616,0.715321,0.145813,0.716395
420.000000,0.712354,0.710245,0.703291,0.699441,0.715899,0.712468,0.713872,0.075471,0.712288
421.000000,0.713997,0.711344,0.705078,0.699837,0.714128,0.715387,0.712701,0.126140,0.718615
422.000000,0.716617,0.712754,0.707087,0.700359,0.718113,0.718141,0.719335,0.087030,0.723721
423.000000,0.717860,0.713964,0.708392,0.700807,0.719774,0.720013,0.717774,0.097346,0.718282
424.000000,0.716395,0.714141,0.709346,0.701166,0.714128,0.710431,0.708296,0.139503,0.709069
425.000000,0.714996,0.713675,0.710007,0.701502,0.707152,0.703492,0.705955,0.101185,0.705295
426.000000,0.712887,0.713442,0.710384,0.702124,0.702391,0.703602,0.705174,0.073133,0.708070
427.000000,0.707337,0.711977,0.710140,0.702716,0.703499,0.702060,0.696699,0.112425,0.695971
428.000000,0.703008,0.710434,0.709840,0.703319,0.696191,0.692587,0.694469,0.099030,0.696637
429.000000,0.700144,0.708270,0.709235,0.703767,0.694641,0.694350,0.695919,0.141286,0.694750
430.000000,0.695593,0.705295,0.707770,0.703959,0.692316,0.689944,0.685214,0.183556,0.682540
431.000000,0.690731,0.701809,0.706577,0.703989,0.685895,0.684976,0.686218,0.164063,0.683761
432.000000,0.687313,0.697325,0.705039,0.703833,0.682130,0.682895,0.681757,0.313446,0.678877
433.000000,0.683849,0.693429,0.703696,0.703404,0.676484,0.675735,0.677130,0.158143,0.679321
434.000000,0.680186,0.690165,0.702153,0.702953,0.676594,0.677134,0.679416,0.148253,0.676435
435.000000,0.679099,0.687346,0.700511,0.702453,0.672609,0.674413,0.675736,0.125392,0.677101
436.000000,0.677411,0.684071,0.698757,0.701613,0.672387,0.671990,0.675401,0.203286,0.675325
437.000000,0.677900,0.682606,0.697292,0.700962,0.674048,0.677354,0.676293,0.204278,0.681319
438.000000,0.679121,0.681485,0.695960,0.700389,0.673826,0.681132,0.676851,0.166396,0.685426
439.000000,0.678588,0.679387,0.693828,0.699286,0.681798,0.678269,0.675624,0.176353,0.673771
440.000000,0.674725,0.676912,0.691103,0.697484,0.668733,0.669016,0.659121,0.280565,0.657787
441.000000,0.671373,0.674392,0.688101,0.695849,0.657219,0.657231,0.656891,0.113614,0.658564
442.000000,0.668554,0.673227,0.685276,0.694435,0.659876,0.663179,0.663470,0.150700,0.667222
443.000000,0.665179,0.672150,0.682789,0.693181,0.667073,0.668025,0.667930,0.111363,0.668554
444.000000,0.661294,0.669941,0.680053,0.691416,0.665190,0.661747,0.657003,0.197245,0.654346
445.000000,0.662759,0.668742,0.678044,0.689921,0.653454,0.661086,0.650424,0.141968,0.665113
446.000000,0.661050,0.666212,0.675142,0.687908,0.663087,0.662187,0.649197,0.195274,0.650017
447.000000,0.655256,0.661905,0.672256,0.685496,0.650133,0.651393,0.640500,0.216654,0.638251
448.000000,0.646265,0.655722,0.668604,0.682547,0.635629,0.640115,0.624777,0.295919,0.623599
449.000000,0.640582,0.650938,0.665163,0.679532,0.626218,0.625179,0.624554,0.338199,0.625930
450.000000,0.633300,0.648030,0.662471,0.676745,0.615589,0.628814,0.619871,0.346683,0.628705
451.000000,0.631280,0.646165,0.660279,0.674122,0.617139,0.636414,0.620651,0.326076,0.639916
452.000000,0.633944,0.644600,0.658913,0.671717,0.645483,0.650622,0.647302,0.571302,0.651571
453.000000,0.642513,0.644389,0.658270,0.669989,0.650022,0.661747,0.651873,0.263797,0.666445
454.000000,0.653302,0.646942,0.658442,0.669016,0.667405,0.675184,0.672168,0.187652,0.679876
455.000000,0.662071,0.647686,0.658214,0.667925,0.680027,0.681242,0.675178,0.148322,0.672550
456.000000,0.671240,0.651260,0.658736,0.667181,0.677369,0.686970,0.677855,0.236080,0.685759
457.000000,0.678388,0.656166,0.659035,0.666892,0.683348,0.683776,0.685549,0.083607,0.687313
458.000000,0.679121,0.660817,0.658270,0.666008,0.679473,0.675956,0.669101,0.212924,0.670108
459.000000,0.679121,0.666212,0.658575,0.665512,0.673051,0.677387,0.674732,0.136177,0.679876
460.000000,0.680098,0.671084,0.659557,0.665342,0.679141,0.678048,0.674621,0.130693,0.677434
461.000000,0.679942,0.675591,0.660878,0.665383,0.672055,0.681242,0.673283,0.179560,0.684982
462.000000,0.680653,0.679520,0.662060,0.665782,0.646147,0.690495,0.650758,0.559312,0.690865
463.000000,0.683672,0.681396,0.662893,0.665978,0.683459,0.686089,0.684880,0.287043,0.685204
464.000000,0.686025,0.682573,0.664757,0.666485,0.681023,0.686860,0.683988,0.179839,0.691642
465.000000,0.691819,0.685958,0.666822,0.667462,0.695306,0.701509,0.694581,0.238450,0.706405
466.000000,0.696459,0.688201,0.669730,0.668557,0.704052,0.705254,0.704282,0.115552,0.708181
467.000000,0.702076,0.691364,0.673765,0.669812,0.708260,0.714286,0.712087,0.231321,0.718948
468.000000,0.710556,0.697114,0.678965,0.671218,0.717892,0.722216,0.722346,0.174611,0.727606
469.000000,0.717105,0.701565,0.683888,0.672905,0.725199,0.725520,0.725357,0.156270,0.724387
470.000000,0.720502,0.706161,0.688622,0.675092,0.719110,0.718471,0.722123,0.095264,0.723388
471.000000,0.723055,0.709757,0.692674,0.677171,0.724092,0.724199,0.721677,0.063778,0.720946
472.000000,0.723188,0.712632,0.696076,0.678917,0.718667,0.718691,0.720339,0.157579,0.719614
473.000000,0.723033,0.716794,0.699095,0.680860,0.719221,0.722657,0.722681,0.159976,0.726829
474.000000,0.722433,0.719769,0.701171,0.683095,0.725753,0.724860,0.723350,0.206037,0.721390
475.000000,0.721678,0.721090,0.703524,0.684911,0.719663,0.715938,0.719112,0.109585,0.719614
476.000000,0.721234,0.722145,0.705173,0.687202,0.712578,0.716489,0.717663,0.086562,0.718726
477.000000,0.721834,0.722511,0.706938,0.690014,0.722985,0.720454,0.721566,0.115886,0.722611
478.000000,0.721523,0.722278,0.709696,0.693403,0.721988,0.720123,0.725134,0.068329,0.725275
479.000000,0.722145,0.722289,0.711927,0.696688,0.724646,0.720894,0.725022,0.099091,0.724498
480.000000,0.723166,0.722422,0.714291,0.699889,0.723096,0.720674,0.723840,0.085294,0.724720
481.000000,0.724276,0.722755,0.716256,0.702701,0.724092,0.722571,0.723907,0.056245,0.724276
482.000000,0.724276,0.723055,0.717843,0.705069,0.717671,0.720344,0.719558,0.103817,0.722611
483.000000,0.724298,0.722910,0.719852,0.707034,0.721878,0.725741,0.726360,0.137904,0.725386
484.000000,0.726873,0.724509,0.722139,0.708950,0.725642,0.732349,0.729817,0.124338,0.737374
485.000000,0.729715,0.726440,0.723765,0.711163,0.735717,0.736865,0.736508,0.111540,0.738928
486.000000,0.731957,0.728116,0.725130,0.712821,0.734389,0.734773,0.737065,0.125197,0.735487
487.000000,0.733689,0.728982,0.725746,0.714286,0.732839,0.733341,0.732159,0.121249,0.731269
488.000000,0.735709,0.730003,0.726141,0.716465,0.723981,0.730146,0.727029,0.103161,0.735487
489.000000,0.733400,0.730137,0.726213,0.717997,0.733392,0.729596,0.727252,0.093814,0.725830
490.000000,0.731424,0.730569,0.726496,0.719717,0.728853,0.729155,0.727475,0.069581,0.729049
491.000000,0.727828,0.729892,0.726324,0.720801,0.722985,0.721335,0.720227,0.073601,0.717505
492.000000,0.723343,0.728516,0.725785,0.721401,0.718113,0.716268,0.711641,0.087347,0.708847
493.000000,0.717927,0.726818,0.724864,0.722174,0.705934,0.709550,0.706958,0.137188,0.708403
494.000000,0.717638,0.725519,0.725014,0.723266,0.711692,0.719462,0.708965,0.126243,0.724387
495.000000,0.719703,0.725563,0.726002,0.724365,0.732839,0.735544,0.730152,0.120479,0.739372
496.000000,0.725230,0.726529,0.727323,0.725597,0.737932,0.740941,0.742864,0.335970,0.745144
497.000000,0.732401,0.727872,0.728427,0.726455,0.746346,0.743474,0.745763,0.104489,0.744700
498.000000,0.740437,0.729182,0.729593,0.727154,0.743689,0.744796,0.745205,0.131325,0.748585
499.000000,0.745543,0.731591,0.730864,0.728005,0.742250,0.747219,0.747547,0.048405,0.749917
500.000000,0.748318,0.734010,0.732290,0.729001,0.751439,0.750854,0.750446,0.051596,0.753247
501.000000,0.751093,0.738162,0.734027,0.730270,0.748339,0.755810,0.753680,0.059879,0.759019
502.000000,0.753336,0.742868,0.735692,0.731480,0.756532,0.756361,0.757248,0.052952,0.755911
503.000000,0.752004,0.746220,0.736519,0.731983,0.753875,0.753057,0.744536,0.130700,0.741925
504.000000,0.749983,0.747763,0.736641,0.732597,0.742471,0.745457,0.734948,0.120295,0.739816
505.000000,0.742746,0.745532,0.735548,0.732512,0.732950,0.733891,0.713649,0.316830,0.717061
506.000000,0.732823,0.741958,0.734244,0.732201,0.718003,0.715938,0.707850,0.154863,0.709402
507.000000,0.724342,0.738839,0.733356,0.731898,0.714238,0.711752,0.712199,0.139968,0.713509
508.000000,0.722722,0.737363,0.733272,0.732183,0.717117,0.728494,0.722235,0.163497,0.733822
509.000000,0.720102,0.735043,0.733317,0.732257,0.735496,0.734662,0.729483,0.120794,0.726718
510.000000,0.721812,0.732279,0.733145,0.732286,0.725089,0.728494,0.724242,0.115155,0.725608
511.000000,0.724609,0.728716,0.733439,0.732257,0.728410,0.732790,0.716548,0.147921,0.723388
512.000000,0.725319,0.724831,0.733849,0.732072,0.711692,0.715718,0.712478,0.119219,0.717061
513.000000,0.720147,0.721434,0.733827,0.731491,0.715899,0.716158,0.707516,0.161874,0.707959
514.000000,0.717927,0.719014,0.733389,0.730766,0.705602,0.712413,0.706624,0.082187,0.715618
515.000000,0.715351,0.718581,0.732057,0.729892,0.711913,0.715607,0.709969,0.106373,0.712732
516.000000,0.713509,0.719059,0.730508,0.729182,0.706599,0.712744,0.709746,0.089126,0.714175
517.000000,0.713753,0.719536,0.729187,0.728749,0.715456,0.716709,0.711753,0.218220,0.718282
518.000000,0.713709,0.716928,0.727145,0.727824,0.716785,0.714947,0.710861,0.127171,0.707737
519.000000,0.712155,0.715041,0.725042,0.727225,0.703942,0.705034,0.704505,0.156343,0.707848
520.000000,0.709224,0.712288,0.722283,0.726192,0.698184,0.699967,0.698037,0.273001,0.698080
521.000000,0.704229,0.708869,0.718792,0.725249,0.699402,0.700297,0.690120,0.195530,0.689200
522.000000,0.700433,0.707093,0.715962,0.724931,0.690766,0.696442,0.684545,0.134552,0.699301
523.000000,0.698990,0.706349,0.713892,0.724668,0.692870,0.697764,0.693354,0.205298,0.700522
524.000000,0.698479,0.705317,0.712166,0.724032,0.700066,0.703271,0.699303,0.281505,0.705295
525.000000,0.699767,0.704496,0.711538,0.722870,0.704827,0.709550,0.705955,0.179497,0.704518
526.000000,0.702276,0.703252,0.711156,0.721423,0.700399,0.704593,0.701940,0.217887,0.701743
527.000000,0.704074,0.702253,0.710895,0.720209,0.705713,0.708668,0.706958,0.208941,0.708292
528.000000,0.706782,0.702886,0.709907,0.719059,0.709588,0.733561,0.710972,0.496921,0.714064
529.000000,0.707026,0.702753,0.708897,0.717612,0.709035,0.709660,0.704505,0.333264,0.706516
530.000000,0.707604,0.703685,0.707986,0.716084,0.709035,0.708338,0.707070,0.284674,0.707404
531.000000,0.708625,0.705450,0.707160,0.714345,0.703056,0.705474,0.706735,0.243853,0.706849
532.000000,0.709202,0.706638,0.706865,0.712854,0.708038,0.710926,0.709969,0.237075,0.711178
533.000000,0.709713,0.708247,0.707298,0.712010,0.709810,0.713074,0.712422,0.072684,0.716617
534.000000,0.713265,0.710145,0.707731,0.711492,0.710031,0.723538,0.715098,0.154361,0.724276
535.000000,0.717927,0.712765,0.708630,0.711947,0.719553,0.725080,0.724688,0.181817,0.730714
536.000000,0.722722,0.715673,0.709463,0.712661,0.724203,0.729926,0.726360,0.118816,0.730825
537.000000,0.727384,0.718293,0.710273,0.713361,0.730071,0.729816,0.726360,0.145319,0.734488
538.000000,0.731180,0.720446,0.711666,0.713420,0.729849,0.731358,0.731099,0.089959,0.735598
539.000000,0.733511,0.723388,0.713070,0.713727,0.732285,0.731358,0.732382,0.127960,0.735931
540.000000,0.733555,0.725741,0.714713,0.713905,0.732728,0.731138,0.729817,0.168462,0.730936
541.000000,0.734488,0.728605,0.717027,0.714308,0.729074,0.730807,0.733051,0.090481,0.735487
542.000000,0.733822,0.730603,0.718620,0.714778,0.732617,0.731138,0.731044,0.141773,0.731158
543.000000,0.734332,0.732756,0.720502,0.715784,0.731178,0.733120,0.730709,0.134527,0.738151
544.000000,0.733422,0.733467,0.721806,0.716310,0.731621,0.731909,0.731490,0.100067,0.731380
545.000000,0.732912,0.733233,0.722999,0.716831,0.729849,0.727283,0.723351,0.123284,0.728383
546.000000,0.730181,0.732334,0.724004,0.717087,0.725864,0.726071,0.720674,0.136107,0.721834
547.000000,0.726629,0.730225,0.724259,0.716924,0.717449,0.716048,0.712756,0.145204,0.713398
548.000000,0.721479,0.727905,0.724176,0.717079,0.710031,0.712634,0.712645,0.138652,0.712399
549.000000,0.716728,0.725075,0.724231,0.717072,0.704495,0.705144,0.706958,0.175755,0.707626
550.000000,0.711711,0.722311,0.724026,0.717246,0.705824,0.702941,0.699264,0.256068,0.703297
551.000000,0.708447,0.719314,0.723959,0.717790,0.705381,0.706686,0.705062,0.167429,0.705517
552.000000,0.705850,0.716239,0.723421,0.717827,0.702281,0.701950,0.700937,0.126947,0.700411
553.000000,0.704984,0.713231,0.722994,0.718078,0.702281,0.704923,0.706066,0.103803,0.708070
554.000000,0.704673,0.710700,0.722083,0.718104,0.704717,0.704152,0.697703,0.179714,0.706072
555.000000,0.705983,0.708847,0.721040,0.718282,0.702945,0.710871,0.705062,0.246178,0.709846
556.000000,0.706161,0.707304,0.719819,0.718437,0.705602,0.706355,0.704616,0.158851,0.706405
557.000000,0.706449,0.706149,0.718187,0.718223,0.705602,0.704263,0.704839,0.325793,0.701854
558.000000,0.705561,0.705273,0.716589,0.717875,0.701395,0.703822,0.702944,0.177266,0.703630
559.000000,0.705317,0.704995,0.715035,0.717819,0.700399,0.702610,0.704059,0.255472,0.704851
560.000000,0.703164,0.704573,0.713442,0.717542,0.702281,0.703932,0.701048,0.185292,0.699079
561.000000,0.701698,0.703929,0.711622,0.717283,0.695527,0.695781,0.699264,0.136149,0.699079
562.000000,0.701587,0.704018,0.710129,0.716953,0.697852,0.697434,0.699877,0.087278,0.701299
563.000000,0.702276,0.703918,0.708575,0.716635,0.702059,0.704703,0.705397,0.141067,0.707071
564.000000,0.702320,0.703818,0.707259,0.715995,0.700399,0.702721,0.704839,0.187264,0.705073
565.000000,0.703807,0.703485,0.706166,0.715189,0.703942,0.703051,0.700491,0.216031,0.706516
566.000000,0.704185,0.702942,0.705123,0.714193,0.703167,0.703161,0.702052,0.185639,0.700966
567.000000,0.704629,0.703108,0.704629,0.713161,0.696634,0.698645,0.699822,0.210487,0.703519
568.000000,0.703319,0.702797,0.704035,0.711992,0.700841,0.699416,0.702386,0.084295,0.700522
569.000000,0.703097,0.702708,0.703852,0.710926,0.698849,0.699416,0.700825,0.098867,0.703963
570.000000,0.702387,0.703097,0.703835,0.709994,0.700731,0.698948,0.700937,0.102463,0.702964
571.000000,0.703141,0.703663,0.703796,0.708969,0.702391,0.700187,0.704505,0.169221,0.704740
572.000000,0.703252,0.703941,0.703979,0.708066,0.698074,0.701289,0.702609,0.183844,0.704074
573.000000,0.703674,0.703497,0.703707,0.706882,0.702724,0.701950,0.704059,0.171830,0.702631
574.000000,0.702742,0.702919,0.703369,0.705813,0.703942,0.700518,0.701438,0.132509,0.699301
575.000000,0.702031,0.702209,0.702847,0.704847,0.701063,0.699637,0.700602,0.203756,0.699412
576.000000,0.700588,0.701865,0.702403,0.704037,0.694420,0.693799,0.691124,0.166510,0.697525
577.000000,0.699212,0.701232,0.702170,0.703497,0.698295,0.696773,0.699487,0.160714,0.697192
578.000000,0.697924,0.700799,0.701798,0.702956,0.698849,0.696993,0.696922,0.126343,0.696193
579.000000,0.697658,0.700200,0.701454,0.702634,0.693977,0.699086,0.696253,0.090645,0.697969
580.000000,0.697502,0.699767,0.701432,0.702479,0.694198,0.695066,0.699153,0.155344,0.698635
581.000000,0.698501,0.699545,0.701604,0.702379,0.699181,0.698755,0.698483,0.151309,0.702520
582.000000,0.698457,0.698834,0.701388,0.702264,0.701727,0.700408,0.697480,0.263140,0.696970
583.000000,0.698590,0.698257,0.700877,0.701891,0.694420,0.694460,0.696365,0.136083,0.696859
584.000000,0.697858,0.697758,0.700339,0.701499,0.693534,0.691045,0.692685,0.137409,0.694306
585.000000,0.695926,0.696714,0.699462,0.700803,0.688109,0.691596,0.691347,0.218144,0.688978
586.000000,0.697613,0.698057,0.699961,0.700955,0.711360,0.715167,0.702609,0.731472,0.710956
587.000000,0.700211,0.699334,0.700283,0.701225,0.712356,0.715718,0.712533,0.494112,0.709957
588.000000,0.700699,0.699645,0.700222,0.701080,0.705713,0.705805,0.701048,0.353025,0.699301
589.000000,0.701920,0.699889,0.700044,0.700932,0.698627,0.697632,0.698093,0.343208,0.700411
590.000000,0.703985,0.699956,0.699861,0.700940,0.697741,0.695341,0.699420,0.374530,0.699301
591.000000,0.702009,0.699811,0.699678,0.701006,0.705270,0.701619,0.701884,0.279860,0.701077
592.000000,0.700011,0.700111,0.699473,0.700962,0.697188,0.696222,0.701383,0.268518,0.699967
593.000000,0.701143,0.700921,0.699589,0.700892,0.696191,0.701729,0.695584,0.233718,0.704962
594.000000,0.703874,0.702897,0.700327,0.701191,0.708260,0.710431,0.713314,0.321984,0.714064
595.000000,0.708780,0.706383,0.701548,0.701769,0.715567,0.720564,0.720674,0.381658,0.723832
596.000000,0.713309,0.707659,0.702858,0.702527,0.721988,0.720234,0.723461,0.114393,0.723721
597.000000,0.719081,0.709546,0.704440,0.703371,0.720992,0.725190,0.724353,0.117889,0.728827
598.000000,0.724809,0.712976,0.706310,0.704473,0.727746,0.730367,0.731824,0.168841,0.733600
599.000000,0.727317,0.715596,0.707742,0.705228,0.731732,0.728604,0.727977,0.091334,0.726607
600.000000,0.726673,0.717727,0.708841,0.705816,0.722321,0.718802,0.719781,0.227710,0.720613
601.000000,0.725119,0.719214,0.709513,0.706190,0.716895,0.716048,0.717328,0.167907,0.715951
602.000000,0.721368,0.720224,0.710168,0.706390,0.713906,0.711973,0.710080,0.153454,0.710068
603.000000,0.717793,0.721301,0.711111,0.706827,0.708813,0.710981,0.711864,0.138604,0.715729
604.000000,0.715640,0.721479,0.712188,0.707378,0.713020,0.712634,0.714485,0.146754,0.715840
605.000000,0.713087,0.719880,0.713131,0.707659,0.715678,0.714286,0.709746,0.121775,0.707848
606.000000,0.711755,0.718437,0.713048,0.708051,0.708813,0.707897,0.705955,0.217530,0.709291
607.000000,0.711711,0.716539,0.713043,0.708473,0.706709,0.711863,0.707739,0.161976,0.709846
608.000000,0.710956,0.714375,0.713675,0.708998,0.711360,0.711092,0.713091,0.285307,0.711955
609.000000,0.709690,0.712665,0.714130,0.709383,0.705824,0.707622,0.708408,0.305785,0.709513
610.000000,0.710823,0.711955,0.714841,0.709879,0.706045,0.708448,0.707516,0.184958,0.713509
611.000000,0.710490,0.711122,0.715168,0.710049,0.711249,0.710761,0.708742,0.178555,0.707626
612.000000,0.710934,0.711322,0.715773,0.710552,0.705824,0.708558,0.708965,0.196617,0.712066
613.000000,0.711156,0.711056,0.716178,0.711093,0.711913,0.711092,0.714206,0.141866,0.713065
614.000000,0.713065,0.711378,0.716428,0.711918,0.711138,0.713955,0.715990,0.120327,0.719059
615.000000,0.713731,0.712277,0.716078,0.712846,0.714128,0.713184,0.715210,0.132654,0.716839
616.000000,0.714885,0.712687,0.715562,0.712928,0.709256,0.708007,0.709411,0.176524,0.713398
617.000000,0.716550,0.713742,0.715140,0.713276,0.712024,0.724529,0.713649,0.310042,0.720391
618.000000,0.717816,0.714486,0.714430,0.713945,0.718335,0.715938,0.715098,0.164167,0.719392
619.000000,0.718903,0.715984,0.714325,0.714748,0.719110,0.719683,0.719112,0.112685,0.724498
620.000000,0.720480,0.717105,0.714530,0.715596,0.722985,0.725080,0.725245,0.247501,0.724720
621.000000,0.723210,0.719048,0.715085,0.716461,0.726749,0.722987,0.726360,0.126451,0.727051
622.000000,0.723832,0.720191,0.715756,0.717246,0.725974,0.722877,0.722681,0.204002,0.723499
623.000000,0.723033,0.720424,0.715740,0.717594,0.720992,0.719352,0.717774,0.101299,0.715396
624.000000,0.720835,0.719869,0.715623,0.717575,0.716120,0.716907,0.713983,0.174060,0.713509
625.000000,0.719037,0.719758,0.716017,0.717305,0.713020,0.711863,0.714319,0.161478,0.715729
626.000000,0.715129,0.719170,0.715929,0.716765,0.710252,0.711092,0.710080,0.140572,0.707515
627.000000,0.711999,0.717915,0.715829,0.716065,0.709367,0.708173,0.709411,0.256081,0.707848
628.000000,0.710667,0.716850,0.715668,0.715237,0.710142,0.709109,0.710749,0.232448,0.708736
629.000000,0.709579,0.715207,0.715596,0.714619,0.709920,0.707787,0.708742,0.106464,0.708070
630.000000,0.708159,0.713598,0.715351,0.714219,0.702502,0.704813,0.704393,0.123044,0.708625
631.000000,0.709402,0.712266,0.715657,0.714145,0.705713,0.708889,0.707404,0.140701,0.713731
632.000000,0.708669,0.710334,0.715263,0.713949,0.707374,0.709219,0.705313,0.187868,0.704185
633.000000,0.707692,0.709180,0.714802,0.713553,0.707374,0.705309,0.705285,0.193077,0.703852
634.000000,0.707448,0.708514,0.714191,0.713253,0.708149,0.709880,0.708185,0.092939,0.706849
635.000000,0.708381,0.708270,0.714014,0.713435,0.706156,0.708778,0.711195,0.140320,0.713287
636.000000,0.707581,0.708492,0.713831,0.713450,0.708813,0.708118,0.711307,0.162789,0.709735
637.000000,0.708691,0.708680,0.713298,0.713446,0.707263,0.708006,0.709523,0.144324,0.709735
638.000000,0.710667,0.709180,0.713015,0.713505,0.711027,0.710981,0.714988,0.075374,0.713731
639.000000,0.711222,0.709335,0.712271,0.713509,0.710252,0.708558,0.710972,0.115814,0.709624
640.000000,0.710556,0.709468,0.711533,0.713390,0.706599,0.705805,0.709300,0.107522,0.709957
641.000000,0.708647,0.708114,0.710190,0.713142,0.705934,0.705915,0.701940,0.114462,0.700189
642.000000,0.706560,0.707626,0.708980,0.712717,0.697188,0.699306,0.701940,0.169236,0.699301
643.000000,0.702475,0.706571,0.707875,0.712058,0.699291,0.696773,0.695919,0.083903,0.693307
644.000000,0.697636,0.704429,0.706471,0.710937,0.690213,0.689613,0.685772,0.162846,0.685426
645.000000,0.691908,0.701232,0.704751,0.709753,0.677812,0.678158,0.677186,0.136632,0.681319
646.000000,0.690176,0.699412,0.703952,0.709024,0.682241,0.686750,0.683207,0.130545,0.691531
647.000000,0.697613,0.702087,0.705384,0.709561,0.708592,0.742262,0.708185,0.406284,0.736486
648.000000,0.708802,0.705639,0.707409,0.710556,0.734278,0.748210,0.736508,0.686122,0.749251
649.000000,0.722211,0.709923,0.709629,0.711489,0.750554,0.756801,0.752676,0.333756,0.752470
650.000000,0.735309,0.713609,0.711538,0.712225,0.750443,0.749642,0.741971,0.195087,0.746809
651.000000,0.747808,0.718992,0.713553,0.713124,0.746236,0.751074,0.749665,0.174273,0.754024
652.000000,0.753269,0.725441,0.716533,0.714467,0.754539,0.763741,0.759367,0.133572,0.763792
653.000000,0.755200,0.732001,0.719286,0.715917,0.761515,0.761207,0.760370,0.130289,0.758908
654.000000,0.757420,0.739816,0.722122,0.717586,0.755979,0.758894,0.757471,0.128835,0.763570
655.000000,0.763281,0.749295,0.725264,0.719599,0.764061,0.772111,0.767618,0.097180,0.776113
656.000000,0.766056,0.756932,0.728172,0.721612,0.768379,0.770459,0.764942,0.207054,0.767899
657.000000,0.765990,0.759629,0.730858,0.723465,0.759854,0.766825,0.757471,0.113848,0.763459
658.000000,0.767455,0.761328,0.733483,0.725382,0.758525,0.766384,0.761541,0.129604,0.766234
659.000000,0.769852,0.763636,0.736780,0.727632,0.763950,0.770239,0.767730,0.094113,0.775558
660.000000,0.770230,0.766755,0.740182,0.729944,0.770815,0.774755,0.771075,0.086554,0.778000
661.000000,0.771673,0.768864,0.743928,0.731990,0.772808,0.774094,0.774532,0.079294,0.775114
662.000000,0.772405,0.769197,0.747319,0.734088,0.769708,0.767926,0.764384,0.110519,0.767122
663.000000,0.770274,0.768864,0.750433,0.735812,0.759965,0.760987,0.758257,0.126762,0.755578
664.000000,0.765257,0.767555,0.753685,0.737266,0.743136,0.750303,0.747547,0.237330,0.750472
665.000000,0.756510,0.763370,0.756333,0.737966,0.717449,0.744796,0.721008,0.272258,0.734266
666.000000,0.746986,0.759330,0.758131,0.738558,0.751550,0.749971,0.730040,0.170243,0.727495
667.000000,0.741658,0.757032,0.758331,0.739583,0.738485,0.735433,0.729371,0.161314,0.740482
668.000000,0.740748,0.755511,0.758419,0.740826,0.744132,0.746338,0.740745,0.150462,0.751027
669.000000,0.740970,0.753114,0.758375,0.742224,0.744243,0.746338,0.746432,0.099715,0.751582
670.000000,0.743656,0.750083,0.758419,0.743482,0.746125,0.746668,0.747993,0.129986,0.747697
671.000000,0.744234,0.745610,0.757237,0.744489,0.731510,0.737086,0.733497,0.191154,0.730381
672.000000,0.743723,0.742691,0.755944,0.745776,0.736825,0.737416,0.730375,0.132958,0.737929
673.000000,0.743101,0.741925,0.755395,0.747597,0.738485,0.743033,0.743087,0.085385,0.747919
674.000000,0.742125,0.741547,0.754551,0.749639,0.738485,0.743033,0.742194,0.130827,0.746698
675.000000,0.743590,0.743623,0.753497,0.752096,0.750111,0.752946,0.750223,0.198270,0.755023
676.000000,0.747985,0.746109,0.752720,0.754124,0.753100,0.755810,0.748327,0.231470,0.752359
677.000000,0.748940,0.746331,0.751682,0.754331,0.744132,0.748651,0.742417,0.196051,0.742702
678.000000,0.748984,0.746043,0.750777,0.754294,0.738264,0.742593,0.736842,0.142822,0.748141
679.000000,0.747763,0.744944,0.749029,0.753898,0.744907,0.741051,0.743867,0.093862,0.740593
680.000000,0.748629,0.746109,0.748096,0.754316,0.747786,0.753828,0.751227,0.280425,0.759352
681.000000,0.751426,0.749706,0.747658,0.754727,0.756311,0.761758,0.756858,0.114328,0.766345
682.000000,0.754779,0.751859,0.747275,0.754582,0.765611,0.764181,0.762266,0.095571,0.759463
683.000000,0.754224,0.751604,0.746764,0.754131,0.750554,0.752175,0.747101,0.239811,0.745366
684.000000,0.756244,0.752004,0.746775,0.753702,0.747121,0.752726,0.748662,0.103683,0.750694
685.000000,0.752536,0.750583,0.747103,0.752525,0.740478,0.742593,0.743310,0.091926,0.740815
686.000000,0.747297,0.749362,0.747736,0.751600,0.740921,0.738628,0.734166,0.192308,0.740149
687.000000,0.741037,0.747908,0.747120,0.750424,0.733725,0.729926,0.726583,0.144809,0.728161
688.000000,0.737440,0.745832,0.745937,0.749129,0.727303,0.723538,0.723015,0.208259,0.727384
689.000000,0.729715,0.742979,0.743962,0.747012,0.721213,0.718691,0.714764,0.117106,0.712066
690.000000,0.725719,0.739128,0.742618,0.745107,0.710142,0.715938,0.709411,0.226193,0.720835
691.000000,0.724120,0.735709,0.742707,0.743675,0.725310,0.730036,0.728256,0.167223,0.732157
692.000000,0.727761,0.734399,0.743129,0.742983,0.730182,0.742703,0.733608,0.305014,0.746365
693.000000,0.733200,0.735320,0.743462,0.742950,0.737821,0.748981,0.737779,0.115644,0.754579
694.000000,0.742657,0.736186,0.744095,0.743246,0.757640,0.760326,0.758831,0.145454,0.759352
695.000000,0.748740,0.737229,0.743906,0.743812,0.758747,0.756361,0.753903,0.164026,0.751249
696.000000,0.754779,0.739449,0.744406,0.744974,0.752989,0.757022,0.755129,0.119186,0.762349
697.000000,0.760084,0.743923,0.745915,0.746054,0.761293,0.768422,0.763827,0.099081,0.772894
698.000000,0.765146,0.749173,0.747502,0.747016,0.771590,0.778720,0.777096,0.135011,0.779887
699.000000,0.769941,0.756299,0.749639,0.748074,0.778454,0.778059,0.779661,0.126191,0.783328
700.000000,0.775447,0.762093,0.750611,0.749110,0.779451,0.780703,0.779773,0.138214,0.778777
701.000000,0.777645,0.766212,0.750960,0.750542,0.776240,0.778940,0.775758,0.070225,0.773338
702.000000,0.777778,0.768931,0.751665,0.751730,0.773694,0.772167,0.768845,0.126526,0.773560
703.000000,0.776845,0.770996,0.753158,0.752640,0.771590,0.770019,0.772302,0.113810,0.775225
704.000000,0.775558,0.772749,0.754468,0.753646,0.770704,0.771451,0.775424,0.099736,0.776890
705.000000,0.776290,0.775869,0.756549,0.754560,0.774026,0.780042,0.779550,0.118009,0.782440
706.000000,0.776734,0.777189,0.758319,0.755334,0.780890,0.779822,0.778323,0.104253,0.775558
707.000000,0.780286,0.779032,0.761477,0.756954,0.778122,0.785990,0.782895,0.143654,0.791320
708.000000,0.783750,0.780297,0.764735,0.758434,0.796723,0.794911,0.792373,0.137966,0.792541
709.000000,0.786658,0.781108,0.768704,0.760129,0.789415,0.789514,0.792261,0.131157,0.791431
710.000000,0.787679,0.781985,0.772039,0.761069,0.788862,0.785549,0.776427,0.151003,0.787546
711.000000,0.792075,0.784404,0.775308,0.762108,0.786758,0.791387,0.788582,0.171061,0.797536
712.000000,0.794406,0.787346,0.778139,0.763559,0.777569,0.796894,0.783118,0.207706,0.802975
713.000000,0.799201,0.791475,0.781235,0.765930,0.792958,0.828836,0.798617,0.508271,0.816517
714.000000,0.809013,0.797835,0.785292,0.768924,0.827834,0.835775,0.823372,0.231534,0.840493
715.000000,0.817471,0.802575,0.789222,0.771891,0.839017,0.836656,0.832627,0.156368,0.829837
716.000000,0.820535,0.806305,0.791747,0.774315,0.827613,0.823329,0.814563,0.227552,0.812854
717.000000,0.822999,0.808702,0.793867,0.777219,0.811891,0.812700,0.813894,0.120665,0.815296
718.000000,0.822333,0.810767,0.795532,0.780079,0.813552,0.809340,0.810437,0.154420,0.813187
719.000000,0.815074,0.812044,0.796576,0.783150,0.808791,0.808679,0.800847,0.140266,0.804196
720.000000,0.811255,0.814363,0.798174,0.786147,0.801816,0.804494,0.801517,0.157319,0.810745
721.000000,0.810878,0.815707,0.800056,0.788774,0.811780,0.810882,0.813002,0.082402,0.810967
722.000000,0.804995,0.813997,0.800672,0.790091,0.802702,0.803062,0.789139,0.163242,0.785881
723.000000,0.801132,0.811733,0.801604,0.791401,0.782551,0.789735,0.786909,0.288951,0.793873
724.000000,0.800355,0.807715,0.802775,0.792766,0.795726,0.795021,0.793376,0.105307,0.800311
725.000000,0.797980,0.804618,0.803596,0.794354,0.800376,0.802732,0.800513,0.092426,0.798868
726.000000,0.798801,0.804840,0.805572,0.796111,0.799601,0.809671,0.801963,0.097031,0.815074
727.000000,0.805195,0.805095,0.806899,0.797610,0.811780,0.812645,0.811218,0.074196,0.817849
728.000000,0.811344,0.806238,0.808503,0.799101,0.818645,0.821126,0.822034,0.084275,0.824620
729.000000,0.815229,0.807792,0.809918,0.800315,0.821966,0.820795,0.821811,0.128007,0.819736
730.000000,0.820357,0.809169,0.811766,0.801839,0.812777,0.822998,0.815566,0.121052,0.824509
731.000000,0.823554,0.811178,0.813442,0.803763,0.824070,0.832250,0.827609,0.142057,0.831058
732.000000,0.826507,0.815851,0.814924,0.805731,0.828167,0.830047,0.828501,0.034899,0.832612
733.000000,0.826929,0.819136,0.815435,0.807448,0.832263,0.831479,0.825937,0.147937,0.826729
734.000000,0.829415,0.822322,0.815018,0.809291,0.827059,0.829166,0.831512,0.067075,0.832168
735.000000,0.828638,0.824498,0.814558,0.810564,0.828167,0.829056,0.822145,0.084005,0.820624
736.000000,0.825508,0.824531,0.814685,0.811892,0.822741,0.821566,0.813113,0.097840,0.815407
737.000000,0.824043,0.825275,0.815185,0.813024,0.813773,0.820795,0.819581,0.047914,0.825286
738.000000,0.823465,0.825197,0.815718,0.814067,0.819641,0.821676,0.821030,0.130146,0.823843
739.000000,0.820424,0.824920,0.816356,0.814918,0.813773,0.815729,0.815455,0.120550,0.816961
740.000000,0.818537,0.823588,0.816378,0.815707,0.811227,0.819969,0.812333,0.126225,0.811189
741.000000,0.818470,0.821989,0.816583,0.816291,0.810895,0.811763,0.810995,0.093972,0.815074
742.000000,0.815163,0.819603,0.817727,0.816484,0.805137,0.810221,0.805531,0.090927,0.808747
743.000000,0.811455,0.817460,0.818298,0.816110,0.805691,0.807303,0.807315,0.132191,0.805306
744.000000,0.810256,0.815340,0.818831,0.815126,0.808237,0.808569,0.808151,0.099231,0.810967
745.000000,0.811078,0.814807,0.819653,0.814641,0.812223,0.812975,0.809434,0.102454,0.815296
746.000000,0.808480,0.813475,0.819003,0.814282,0.814659,0.814517,0.805754,0.085910,0.802087
747.000000,0.804595,0.809879,0.817577,0.813416,0.800044,0.795903,0.792707,0.433722,0.789322
748.000000,0.802620,0.807037,0.816117,0.812824,0.791408,0.792819,0.794045,0.119981,0.795427
749.000000,0.800955,0.805606,0.815263,0.812772,0.795394,0.798656,0.796164,0.065512,0.802642
750.000000,0.800977,0.806027,0.814807,0.812928,0.806466,0.809781,0.807874,0.116089,0.815407
751.000000,0.803286,0.805883,0.813936,0.813017,0.810784,0.811103,0.811329,0.042205,0.813631
752.000000,0.809058,0.806827,0.813215,0.814093,0.808016,0.814352,0.813002,0.073645,0.818182
753.000000,0.814341,0.808480,0.812970,0.815026,0.819309,0.820245,0.820696,0.043261,0.821845
754.000000,0.817249,0.809102,0.812221,0.815588,0.818202,0.818592,0.814005,0.053962,0.817183
755.000000,0.815451,0.808214,0.811511,0.815840,0.811227,0.814407,0.809768,0.084516,0.806416
756.000000,0.812743,0.808014,0.810745,0.815340,0.797166,0.795352,0.794269,0.154358,0.800089
757.000000,0.808214,0.808636,0.809257,0.814597,0.789083,0.792929,0.791760,0.173370,0.795538
758.000000,0.801865,0.808103,0.807570,0.813446,0.782772,0.788523,0.784567,0.208767,0.790099
759.000000,0.793296,0.805273,0.805439,0.811933,0.775244,0.778830,0.776093,0.172229,0.774337
760.000000,0.787146,0.801299,0.803663,0.810305,0.774579,0.777949,0.776873,0.302571,0.775669
761.000000,0.782129,0.797436,0.801659,0.808436,0.774247,0.774975,0.770183,0.167074,0.775003
762.000000,0.778066,0.793140,0.799983,0.806523,0.778454,0.781143,0.773082,0.153527,0.775225
763.000000,0.773027,0.787446,0.797963,0.804462,0.776461,0.780152,0.768176,0.203456,0.764902
764.000000,0.770785,0.782040,0.795571,0.802161,0.765058,0.761978,0.759701,0.235154,0.763126
765.000000,0.766767,0.776956,0.792585,0.799993,0.747564,0.751845,0.747101,0.184307,0.755578
766.000000,0.762993,0.772561,0.790287,0.798017,0.762290,0.758343,0.750446,0.118821,0.756133
767.000000,0.758530,0.768298,0.788467,0.795604,0.745682,0.753497,0.739630,0.135400,0.752914
768.000000,0.753624,0.763326,0.785714,0.792822,0.751771,0.752726,0.743644,0.173017,0.740371
769.000000,0.752514,0.761649,0.783461,0.790842,0.747121,0.752506,0.749219,0.135281,0.757576
770.000000,0.749828,0.758297,0.779798,0.788541,0.749225,0.746338,0.743087,0.176856,0.742147
771.000000,0.755089,0.759041,0.778238,0.787453,0.748893,0.777839,0.753457,0.311787,0.782440
772.000000,0.760462,0.759496,0.776318,0.786488,0.777679,0.789184,0.777431,0.262987,0.779776
773.000000,0.769275,0.761450,0.774448,0.785792,0.784101,0.785549,0.785125,0.225364,0.784438
774.000000,0.779598,0.766056,0.774048,0.785733,0.784544,0.803062,0.790143,0.426093,0.809191
775.000000,0.791697,0.770763,0.773859,0.785311,0.800376,0.800639,0.798283,0.152472,0.802642
776.000000,0.793540,0.774315,0.773438,0.784963,0.791408,0.790671,0.789474,0.174435,0.791653
777.000000,0.799978,0.780220,0.774259,0.785718,0.795062,0.805926,0.787578,0.231904,0.811966
778.000000,0.803463,0.786369,0.774847,0.785933,0.808348,0.811984,0.801517,0.195754,0.801865
779.000000,0.799512,0.789555,0.775602,0.785492,0.808016,0.822337,0.785905,0.150711,0.789433
780.000000,0.801110,0.796404,0.777350,0.785333,0.781222,0.804714,0.779215,0.279371,0.810634
781.000000,0.807970,0.800755,0.779898,0.785744,0.802591,0.829056,0.806200,0.311152,0.825952
782.000000,0.810279,0.805128,0.782312,0.785921,0.826838,0.831920,0.819023,0.194222,0.823510
783.000000,0.814896,0.809180,0.785315,0.786025,0.810341,0.826302,0.816124,0.282162,0.824953
784.000000,0.824176,0.811844,0.788950,0.786647,0.828388,0.833242,0.821811,0.164054,0.835831
785.000000,0.826218,0.813664,0.792213,0.787128,0.842006,0.839244,0.819246,0.207115,0.820846
786.000000,0.823909,0.815940,0.795127,0.787605,0.822077,0.822447,0.815901,0.200390,0.814408
787.000000,0.821934,0.816106,0.798163,0.788208,0.813773,0.812314,0.813782,0.139433,0.813631
788.000000,0.818737,0.816817,0.801593,0.788837,0.811559,0.812424,0.797948,0.375226,0.808969
789.000000,0.813187,0.818681,0.804118,0.789962,0.813441,0.813746,0.807761,0.207449,0.808081
790.000000,0.810789,0.818504,0.807454,0.791068,0.806577,0.804274,0.803412,0.141879,0.808858
791.000000,0.811988,0.817949,0.809352,0.792581,0.801816,0.816389,0.805274,0.117900,0.820402
792.000000,0.814297,0.818115,0.811622,0.794246,0.819309,0.819374,0.819358,0.110920,0.825175
793.000000,0.815296,0.817016,0.813098,0.795882,0.827945,0.825531,0.817462,0.085380,0.813964
794.000000,0.817316,0.815251,0.813548,0.797717,0.813773,0.819253,0.813782,0.114077,0.818182
795.000000,0.820935,0.815862,0.814763,0.800096,0.819752,0.826963,0.822368,0.124747,0.826951
796.000000,0.822045,0.817016,0.816478,0.802424,0.823627,0.824155,0.823149,0.082908,0.825952
797.000000,0.823954,0.819125,0.817616,0.805150,0.823184,0.828836,0.823037,0.189818,0.834721
798.000000,0.829881,0.822589,0.819703,0.808591,0.832595,0.838198,0.837868,0.160455,0.843601
799.000000,0.834343,0.825830,0.822256,0.811355,0.840013,0.841723,0.837310,0.115747,0.840493
800.000000,0.837207,0.829071,0.823787,0.814659,0.838353,0.838528,0.837645,0.126804,0.841270
801.000000,0.840404,0.831224,0.824587,0.816643,0.840899,0.842879,0.837422,0.167745,0.841936
802.000000,0.840781,0.832368,0.825241,0.818537,0.844553,0.846018,0.837756,0.142792,0.836608
803.000000,0.840293,0.835087,0.826052,0.820428,0.836027,0.839299,0.841994,0.128104,0.841159
804.000000,0.839227,0.836785,0.826018,0.821294,0.839017,0.839299,0.834969,0.153145,0.835165
805.000000,0.840049,0.838628,0.827245,0.822718,0.827945,0.842604,0.825558,0.195606,0.845377
806.000000,0.841603,0.841003,0.829010,0.824653,0.839017,0.846239,0.842217,0.100785,0.849706
807.000000,0.845799,0.843290,0.831208,0.826174,0.850753,0.856482,0.853145,0.162970,0.857587
808.000000,0.848263,0.844278,0.833433,0.827894,0.851971,0.854499,0.849353,0.327564,0.853480
809.000000,0.853014,0.846121,0.835975,0.830211,0.852414,0.859015,0.856601,0.113547,0.858919
810.000000,0.857254,0.848651,0.838861,0.832075,0.852524,0.863752,0.854538,0.129305,0.866578
811.000000,0.860784,0.851193,0.841209,0.833455,0.863153,0.868928,0.858497,0.135614,0.867355
812.000000,0.861072,0.853435,0.842902,0.834639,0.862821,0.859015,0.857047,0.111169,0.859030
813.000000,0.864225,0.856244,0.845665,0.836116,0.860053,0.863201,0.863626,0.171508,0.869242
814.000000,0.866733,0.859873,0.848329,0.837303,0.862932,0.866946,0.862846,0.334185,0.871462
815.000000,0.868198,0.862726,0.850677,0.839072,0.872232,0.870580,0.870428,0.157540,0.873904
816.000000,0.868798,0.864791,0.852897,0.840937,0.872786,0.870360,0.871989,0.199965,0.870352
817.000000,0.872572,0.866822,0.855056,0.843079,0.863928,0.871902,0.867752,0.103824,0.877900
818.000000,0.873904,0.869064,0.856671,0.845310,0.877214,0.877520,0.877676,0.094775,0.875902
819.000000,0.872194,0.869464,0.857792,0.847138,0.867139,0.867717,0.864184,0.117107,0.862915
820.000000,0.870529,0.869364,0.859008,0.849029,0.860717,0.861218,0.854817,0.134024,0.865579
821.000000,0.868176,0.868487,0.859840,0.850302,0.859610,0.855160,0.857047,0.117325,0.858586
822.000000,0.864336,0.868454,0.860945,0.851419,0.861935,0.857473,0.859054,0.095646,0.858697
823.000000,0.860895,0.867399,0.861822,0.852910,0.863264,0.860998,0.860393,0.091977,0.858697
824.000000,0.860562,0.866378,0.863126,0.854346,0.857728,0.855821,0.858274,0.107640,0.861250
825.000000,0.861028,0.865779,0.864252,0.855711,0.863928,0.861659,0.857159,0.092371,0.867910
826.000000,0.863470,0.865823,0.865307,0.857206,0.867582,0.865404,0.869485,0.113468,0.870796
827.000000,0.867666,0.866001,0.866411,0.858704,0.868246,0.873444,0.871543,0.132243,0.879676
828.000000,0.872705,0.866800,0.867932,0.860047,0.874668,0.877409,0.880130,0.118403,0.883894
829.000000,0.876834,0.868698,0.869081,0.861427,0.884632,0.884679,0.883809,0.163244,0.881896
830.000000,0.880342,0.870685,0.870024,0.862900,0.882640,0.880383,0.882694,0.101143,0.885448
831.000000,0.880630,0.872050,0.870269,0.863910,0.881422,0.881485,0.874554,0.117079,0.872239
832.000000,0.881585,0.874625,0.871540,0.865505,0.870461,0.878841,0.876673,0.127664,0.884449
833.000000,0.880231,0.876468,0.871934,0.866704,0.874004,0.874766,0.878122,0.142870,0.877123
834.000000,0.881296,0.879065,0.872722,0.868439,0.878211,0.881154,0.878011,0.125525,0.887224
835.000000,0.881718,0.881030,0.873404,0.869845,0.884522,0.885120,0.886931,0.162387,0.887557
836.000000,0.883294,0.881962,0.873893,0.870859,0.882972,0.884679,0.880910,0.308227,0.880120
837.000000,0.875125,0.878355,0.872178,0.870393,0.854960,0.858685,0.844224,0.416525,0.843601
838.000000,0.870307,0.875269,0.871035,0.870378,0.839017,0.851746,0.843555,0.256465,0.853036
839.000000,0.861028,0.871162,0.869930,0.869775,0.845771,0.842604,0.842997,0.447806,0.840826
840.000000,0.851260,0.866489,0.868587,0.868846,0.833149,0.835995,0.836418,0.307231,0.838717
841.000000,0.844089,0.863692,0.867871,0.868076,0.836360,0.842384,0.837645,0.164510,0.844267
842.000000,0.844711,0.859918,0.867272,0.867666,0.841453,0.843155,0.844337,0.119078,0.846709
843.000000,0.844045,0.857176,0.866822,0.867014,0.843335,0.846073,0.843611,0.195835,0.849706
844.000000,0.846997,0.854013,0.866539,0.866485,0.849535,0.851415,0.850914,0.105258,0.855589
845.000000,0.849817,0.850538,0.865784,0.865782,0.853299,0.855491,0.855040,0.134865,0.852814
846.000000,0.853302,0.848696,0.865329,0.865494,0.856067,0.858905,0.859445,0.117731,0.861694
847.000000,0.854834,0.849772,0.864064,0.864709,0.856289,0.851856,0.853145,0.108747,0.854368
848.000000,0.856721,0.850383,0.862826,0.864151,0.853410,0.856812,0.854483,0.090951,0.859141
849.000000,0.852991,0.849994,0.860578,0.863285,0.855403,0.852737,0.838983,0.239461,0.836941
850.000000,0.849484,0.849650,0.858070,0.862275,0.831709,0.838088,0.834355,0.180652,0.835276
851.000000,0.843312,0.848307,0.856000,0.861350,0.827724,0.831369,0.826940,0.135548,0.830836
852.000000,0.839671,0.847253,0.853585,0.860599,0.833813,0.834673,0.835917,0.161689,0.836164
853.000000,0.833877,0.845299,0.851238,0.859648,0.835806,0.833021,0.833296,0.118041,0.830170
854.000000,0.836053,0.844522,0.849267,0.859200,0.833038,0.843265,0.837979,0.138102,0.847819
855.000000,0.838495,0.843989,0.847264,0.858519,0.845328,0.846569,0.848350,0.092866,0.847486
856.000000,0.842002,0.842657,0.845677,0.857772,0.847210,0.845468,0.847012,0.075123,0.848374
857.000000,0.846021,0.842846,0.846309,0.856991,0.847210,0.850204,0.849465,0.131991,0.856255
858.000000,0.851504,0.842691,0.846537,0.856114,0.854960,0.854059,0.856713,0.143327,0.857587
859.000000,0.853347,0.844700,0.847347,0.855285,0.850974,0.850424,0.848238,0.104205,0.857032
860.000000,0.855567,0.847031,0.848341,0.854390,0.854185,0.851966,0.856267,0.119204,0.858586
861.000000,0.857276,0.849639,0.848973,0.853879,0.858835,0.856812,0.857939,0.077736,0.856921
862.000000,0.857165,0.851593,0.849423,0.852921,0.855957,0.859456,0.856267,0.098937,0.855700
863.000000,0.857676,0.854590,0.849944,0.852355,0.852857,0.858134,0.858943,0.091090,0.860140
864.000000,0.858808,0.856077,0.850300,0.851537,0.859057,0.865183,0.859946,0.068604,0.862693
865.000000,0.859785,0.857676,0.850833,0.850734,0.856953,0.857694,0.860616,0.066104,0.863470
866.000000,0.862005,0.859640,0.851149,0.850331,0.856953,0.861328,0.863069,0.147238,0.868021
867.000000,0.861316,0.859241,0.851043,0.850620,0.860828,0.860007,0.854371,0.140185,0.852259
868.000000,0.858985,0.858331,0.850511,0.850468,0.850642,0.847670,0.848573,0.131777,0.848485
869.000000,0.855877,0.857343,0.851021,0.850679,0.846988,0.847670,0.848127,0.114203,0.847153
870.000000,0.853014,0.856399,0.851715,0.851027,0.842117,0.847450,0.843666,0.152815,0.849151
871.000000,0.848907,0.855456,0.852547,0.851134,0.843888,0.843705,0.845116,0.188115,0.847486
872.000000,0.850771,0.856044,0.853818,0.851630,0.854517,0.858905,0.860616,0.075507,0.861583
873.000000,0.853524,0.856255,0.855422,0.852048,0.859389,0.861549,0.863849,0.114265,0.862249
874.000000,0.857942,0.856910,0.856494,0.852503,0.862600,0.862540,0.865522,0.087227,0.869242
875.000000,0.866023,0.859518,0.858597,0.853728,0.875554,0.882696,0.881802,0.197508,0.889555
876.000000,0.866911,0.857909,0.858775,0.853402,0.854739,0.860227,0.853479,0.247181,0.851926
877.000000,0.860206,0.855489,0.857365,0.852525,0.840678,0.836766,0.828167,0.175723,0.828061
878.000000,0.855789,0.854656,0.856494,0.851893,0.829274,0.833682,0.831066,0.116035,0.840160
879.000000,0.852259,0.855100,0.856222,0.852381,0.847542,0.847560,0.846900,0.106015,0.851593
880.000000,0.850017,0.858020,0.857209,0.853817,0.852081,0.871792,0.855960,0.212007,0.878344
881.000000,0.855389,0.861150,0.858303,0.855415,0.874557,0.878180,0.875335,0.090701,0.878788
882.000000,0.864535,0.862371,0.859207,0.856669,0.873007,0.871241,0.867529,0.110855,0.873793
883.000000,0.871306,0.863548,0.859901,0.858131,0.870903,0.868157,0.869425,0.102952,0.874015
884.000000,0.875236,0.863747,0.860329,0.858911,0.873450,0.873775,0.872881,0.083374,0.871240
885.000000,0.876701,0.863359,0.861439,0.860184,0.877657,0.879502,0.882025,0.070823,0.885670
886.000000,0.878988,0.867188,0.862549,0.861579,0.886625,0.886331,0.890723,0.077394,0.890221
887.000000,0.882739,0.873637,0.864563,0.862789,0.894043,0.894041,0.896075,0.077018,0.892552
888.000000,0.886047,0.878677,0.866667,0.863888,0.894265,0.891288,0.892953,0.100700,0.890554
889.000000,0.889821,0.882529,0.868815,0.864991,0.894597,0.892168,0.890500,0.071791,0.890110
890.000000,0.890110,0.883405,0.870713,0.865941,0.886957,0.888093,0.891169,0.088082,0.887113
891.000000,0.889466,0.884227,0.872688,0.866944,0.884854,0.887102,0.887377,0.050032,0.887002
892.000000,0.887712,0.885226,0.873798,0.867880,0.884190,0.882146,0.883363,0.046665,0.883783
893.000000,0.887868,0.886957,0.875253,0.868920,0.880868,0.889085,0.887154,0.102376,0.891331
894.000000,0.887313,0.888567,0.876157,0.869741,0.886404,0.887433,0.889050,0.070949,0.887335
895.000000,0.888511,0.889311,0.876335,0.870729,0.884854,0.889856,0.891057,0.075448,0.893107
896.000000,0.888600,0.889033,0.878111,0.871377,0.886182,0.885560,0.889831,0.125854,0.887446
897.000000,0.890110,0.888911,0.881274,0.872679,0.884411,0.889085,0.890723,0.099160,0.891331
898.000000,0.888822,0.888345,0.883511,0.873893,0.893933,0.889305,0.884032,0.172052,0.884893
899.000000,0.887579,0.887446,0.884987,0.875025,0.882529,0.881044,0.880575,0.128039,0.881119
900.000000,0.882517,0.885514,0.884460,0.875647,0.884854,0.897676,0.859779,0.391160,0.867799
901.000000,0.876723,0.882662,0.883444,0.876013,0.865146,0.860667,0.858608,0.162066,0.858475
902.000000,0.868531,0.879321,0.882273,0.875639,0.855071,0.850644,0.846789,0.217735,0.850372
903.000000,0.861649,0.875236,0.881097,0.875247,0.849314,0.847781,0.850245,0.114350,0.850483
904.000000,0.855877,0.871728,0.880148,0.874681,0.849646,0.853508,0.853479,0.092437,0.852259
905.000000,0.852348,0.867433,0.878372,0.873367,0.855846,0.851636,0.852475,0.116698,0.850150
906.000000,0.849750,0.863237,0.876135,0.873153,0.849314,0.854610,0.847346,0.099121,0.845488
907.000000,0.848352,0.858442,0.873676,0.873663,0.844331,0.843650,0.844335,0.081938,0.843379
908.000000,0.847464,0.854557,0.871451,0.873859,0.842228,0.840731,0.845674,0.071202,0.846043
909.000000,0.845954,0.850916,0.869181,0.873630,0.847874,0.846569,0.846008,0.103527,0.844711
910.000000,0.843712,0.848030,0.866772,0.872317,0.841342,0.838198,0.840210,0.053100,0.838939
911.000000,0.842224,0.845987,0.864325,0.870959,0.840013,0.837978,0.841659,0.055137,0.838051
912.000000,0.840404,0.844378,0.861849,0.869641,0.836913,0.833131,0.837199,0.099727,0.834277
913.000000,0.839449,0.843457,0.859346,0.868550,0.832817,0.835114,0.836418,0.096077,0.841270
914.000000,0.841070,0.843512,0.857620,0.867936,0.839238,0.846239,0.843220,0.118280,0.852814
915.000000,0.843734,0.843723,0.855578,0.866822,0.846546,0.848001,0.850134,0.112150,0.852259
916.000000,0.847286,0.844755,0.853996,0.865675,0.849978,0.850534,0.851918,0.077412,0.855811
917.000000,0.852126,0.846265,0.852353,0.864539,0.857064,0.858354,0.861619,0.167297,0.858475
918.000000,0.856099,0.847774,0.851166,0.863559,0.854960,0.856262,0.861062,0.099554,0.861139
919.000000,0.858852,0.849961,0.850438,0.862774,0.857285,0.865073,0.863403,0.117523,0.866578
920.000000,0.862604,0.853169,0.850599,0.862238,0.864150,0.870911,0.870317,0.201463,0.871018
921.000000,0.866334,0.856810,0.851399,0.861820,0.869132,0.870801,0.875335,0.087513,0.874459
922.000000,0.869331,0.860728,0.852553,0.861476,0.872232,0.871462,0.876338,0.106492,0.873460
923.000000,0.870219,0.863159,0.853308,0.860617,0.869575,0.867827,0.869313,0.149783,0.865579
924.000000,0.869997,0.864424,0.853968,0.859888,0.864925,0.862430,0.864072,0.112381,0.865468
925.000000,0.871528,0.867066,0.855395,0.859407,0.868800,0.872122,0.870874,0.135458,0.878677
926.000000,0.873038,0.869686,0.857221,0.859226,0.879539,0.879062,0.880018,0.127286,0.882007
927.000000,0.876590,0.872960,0.859613,0.859222,0.876661,0.885230,0.882917,0.169298,0.891220
928.000000,0.879321,0.874770,0.861272,0.859034,0.891497,0.887212,0.882806,0.150639,0.879232
929.000000,0.878188,0.874093,0.862027,0.858323,0.873561,0.869038,0.863403,0.175254,0.859807
930.000000,0.876745,0.874137,0.863653,0.858445,0.852524,0.865294,0.858608,0.097505,0.871462
931.000000,0.872483,0.872761,0.864785,0.858519,0.864482,0.863201,0.860169,0.132330,0.860695
932.000000,0.866001,0.871295,0.866012,0.858800,0.857950,0.856482,0.859222,0.080310,0.858808
933.000000,0.863092,0.871207,0.867183,0.859274,0.855846,0.859015,0.861508,0.087082,0.864691
934.000000,0.863403,0.870796,0.867610,0.859577,0.856510,0.859236,0.862623,0.166167,0.861361
935.000000,0.863625,0.870185,0.868626,0.860325,0.862489,0.867937,0.868533,0.124894,0.872572
936.000000,0.866245,0.869364,0.869525,0.861268,0.875775,0.874601,0.877565,0.150449,0.873793
937.000000,0.868576,0.867288,0.870124,0.862171,0.872564,0.868047,0.867975,0.221290,0.870463
938.000000,0.872039,0.867566,0.871168,0.863370,0.875332,0.875757,0.873773,0.150605,0.882007
939.000000,0.874681,0.869042,0.871567,0.864365,0.876550,0.875537,0.876561,0.084134,0.874570
940.000000,0.873460,0.868543,0.871340,0.865283,0.871236,0.869809,0.870094,0.154793,0.866467
941.000000,0.871284,0.868765,0.870763,0.866112,0.856510,0.860667,0.862623,0.338095,0.862915
942.000000,0.871706,0.870141,0.870718,0.867388,0.867582,0.866285,0.865410,0.113468,0.872572
943.000000,0.866711,0.869375,0.870291,0.867914,0.866696,0.865403,0.859445,0.094008,0.857032
944.000000,0.863647,0.869164,0.869980,0.868128,0.856510,0.858244,0.858274,0.218098,0.859252
945.000000,0.862093,0.867777,0.868981,0.868343,0.853299,0.852957,0.854148,0.161467,0.858697
946.000000,0.858453,0.864868,0.867116,0.867973,0.855182,0.855557,0.847458,0.129955,0.844711
947.000000,0.852903,0.862304,0.864796,0.867518,0.846546,0.843595,0.846677,0.101583,0.844822
948.000000,0.851637,0.859174,0.863370,0.867170,0.842560,0.844476,0.844793,0.082183,0.850705
949.000000,0.847708,0.855678,0.862360,0.866271,0.848760,0.844421,0.838426,0.149681,0.839605
950.000000,0.844578,0.853336,0.860939,0.865338,0.841895,0.842824,0.843889,0.062316,0.843046
951.000000,0.842291,0.850372,0.859568,0.863966,0.837245,0.834013,0.831289,0.081929,0.833278
952.000000,0.841292,0.847097,0.858619,0.862845,0.836581,0.835004,0.837478,0.075434,0.839827
953.000000,0.838961,0.845299,0.857337,0.861960,0.827945,0.839299,0.831624,0.113103,0.839050
954.000000,0.839827,0.843767,0.856466,0.861242,0.837245,0.840621,0.842663,0.094686,0.843934
955.000000,0.840382,0.842480,0.855128,0.860147,0.841674,0.842273,0.847569,0.043619,0.845821
956.000000,0.843312,0.842802,0.853835,0.859011,0.850089,0.848111,0.847235,0.060473,0.847930
957.000000,0.845133,0.843212,0.852758,0.857602,0.844553,0.845688,0.847904,0.052417,0.848929
958.000000,0.845976,0.842469,0.850821,0.856403,0.842781,0.845908,0.840656,0.117641,0.843268
959.000000,0.848485,0.844156,0.849917,0.856292,0.843999,0.852627,0.846063,0.098771,0.856477
960.000000,0.850261,0.845321,0.849328,0.855733,0.864703,0.860227,0.853591,0.080774,0.854701
961.000000,0.851615,0.847464,0.848918,0.855533,0.852524,0.849653,0.849576,0.100206,0.854701
962.000000,0.851149,0.848141,0.847619,0.855126,0.850531,0.850204,0.849688,0.095988,0.846598
963.000000,0.851837,0.848907,0.847103,0.854527,0.845771,0.841392,0.843053,0.093503,0.846709
964.000000,0.842646,0.845566,0.844666,0.852832,0.831599,0.836986,0.809322,0.248847,0.810523
965.000000,0.830303,0.840282,0.841381,0.850179,0.807462,0.813856,0.790366,0.345345,0.792985
966.000000,0.816139,0.833877,0.838339,0.847182,0.795062,0.791387,0.784121,0.185013,0.783883
967.000000,0.804262,0.827706,0.835459,0.844407,0.781444,0.787972,0.785348,0.143188,0.787213
968.000000,0.792252,0.822045,0.832257,0.841229,0.784433,0.787091,0.787690,0.116975,0.786658
969.000000,0.788678,0.815662,0.829909,0.838499,0.787312,0.791937,0.791481,0.126115,0.792652
970.000000,0.795094,0.812698,0.829010,0.837118,0.803477,0.818923,0.806088,0.245703,0.825064
971.000000,0.806460,0.811300,0.829382,0.836378,0.822409,0.837868,0.825714,0.271323,0.840715
972.000000,0.815762,0.810012,0.829076,0.835083,0.829384,0.837868,0.831066,0.167835,0.833722
973.000000,0.817005,0.804629,0.826768,0.832945,0.837024,0.832691,0.794715,0.340654,0.792874
974.000000,0.817982,0.803330,0.824448,0.830888,0.790080,0.794471,0.788916,0.169706,0.797536
975.000000,0.816162,0.805628,0.822955,0.829463,0.800376,0.810001,0.806088,0.164937,0.815962
976.000000,0.810922,0.808691,0.821284,0.828457,0.813552,0.812865,0.813894,0.101930,0.814519
977.000000,0.807504,0.811633,0.819669,0.827517,0.815213,0.811984,0.813002,0.110011,0.816628
978.000000,0.812277,0.814641,0.818343,0.826385,0.814659,0.817931,0.811719,0.111124,0.816739
979.000000,0.816273,0.817127,0.816395,0.825648,0.812888,0.812424,0.812556,0.123089,0.817516
980.000000,0.817893,0.817027,0.814863,0.825016,0.815988,0.817931,0.817797,0.097796,0.824065
981.000000,0.822577,0.816750,0.814025,0.825171,0.825952,0.833242,0.824710,0.242286,0.837940
982.000000,0.828083,0.817793,0.813903,0.825315,0.832263,0.839850,0.838202,0.104008,0.844156
983.000000,0.833611,0.822944,0.813786,0.825493,0.841895,0.844366,0.844670,0.066188,0.844378
984.000000,0.839871,0.828072,0.815701,0.825656,0.842560,0.851195,0.847681,0.185805,0.848818
985.000000,0.843068,0.830481,0.818054,0.825463,0.847542,0.846569,0.834077,0.175363,0.840049
986.000000,0.837940,0.830259,0.819475,0.824276,0.841674,0.837647,0.815901,0.172856,0.812299
987.000000,0.833566,0.830825,0.821229,0.823388,0.810452,0.818813,0.807984,0.250386,0.822289
988.000000,0.829748,0.831679,0.823160,0.822788,0.819863,0.821126,0.820696,0.207807,0.825286
989.000000,0.822888,0.831380,0.824254,0.821390,0.828609,0.827514,0.815789,0.187946,0.814519
990.000000,0.818715,0.830891,0.823959,0.820206,0.811670,0.813526,0.815120,0.191311,0.819181
991.000000,0.819381,0.828660,0.822705,0.818903,0.795394,0.814187,0.801070,0.310232,0.815629
992.000000,0.819647,0.826607,0.822200,0.818137,0.813663,0.821566,0.819469,0.219074,0.823621
993.000000,0.820535,0.825142,0.824043,0.817571,0.826063,0.828065,0.828278,0.208432,0.829726
994.000000,0.823266,0.823077,0.825574,0.818160,0.828720,0.827734,0.826829,0.148225,0.828172
995.000000,0.824531,0.821623,0.826052,0.819244,0.829274,0.832691,0.828613,0.145044,0.825508
996.000000,0.823576,0.821479,0.825869,0.820143,0.825620,0.825752,0.813559,0.184184,0.810856
997.000000,0.820824,0.820235,0.825530,0.820898,0.811780,0.811984,0.812110,0.185365,0.809857
998.000000,0.816783,0.818659,0.825169,0.821660,0.810673,0.808459,0.810995,0.356551,0.809524
999.000000,0.814985,0.819125,0.825253,0.822544,0.810341,0.815398,0.811552,0.150191,0.819181
1000.000000,0.814119,0.819325,0.825108,0.822415,0.815434,0.815729,0.818466,0.144537,0.821179
1001.000000,0.814807,0.819192,0.823926,0.821534,0.817870,0.816830,0.817797,0.150244,0.814297
1002.000000,0.814941,0.817882,0.822244,0.820761,0.813773,0.809561,0.809322,0.156267,0.810523
1003.000000,0.816450,0.816617,0.820879,0.821567,0.806687,0.814253,0.812444,0.086497,0.817072
1004.000000,0.817272,0.816128,0.819603,0.822426,0.817205,0.821345,0.819023,0.108098,0.823288
1005.000000,0.816694,0.815407,0.818515,0.822503,0.819863,0.822668,0.820361,0.102406,0.818293
1006.000000,0.817427,0.816117,0.818798,0.822618,0.815323,0.816388,0.817574,0.074683,0.817960
1007.000000,0.818382,0.816661,0.818448,0.822574,0.816320,0.815288,0.816794,0.128665,0.815296
1008.000000,0.817072,0.816761,0.817710,0.822367,0.822188,0.817931,0.806757,0.180085,0.810523
1009.000000,0.817205,0.817238,0.818182,0.822581,0.807352,0.822998,0.813113,0.224686,0.823954
1010.000000,0.816650,0.816672,0.817999,0.822296,0.816209,0.819583,0.816570,0.191010,0.815518
1011.000000,0.816228,0.816828,0.818010,0.821560,0.814105,0.814737,0.814786,0.151623,0.815851
1012.000000,0.816739,0.817560,0.817721,0.820683,0.813773,0.819584,0.814897,0.200352,0.817849
1013.000000,0.816295,0.816683,0.816650,0.819481,0.811891,0.810552,0.811719,0.086477,0.808303
1014.000000,0.813653,0.815429,0.815779,0.818211,0.808570,0.808019,0.811552,0.103438,0.810745
1015.000000,0.813342,0.814996,0.815201,0.817342,0.809898,0.812433,0.806869,0.098694,0.813964
1016.000000,0.813342,0.814785,0.815451,0.817460,0.811670,0.813085,0.814340,0.101145,0.815851
1017.000000,0.812587,0.814663,0.815662,0.817187,0.806909,0.813195,0.812444,0.144717,0.814075
1018.000000,0.814053,0.815174,0.815967,0.816865,0.812888,0.812865,0.814228,0.139744,0.815629
1019.000000,0.813364,0.813509,0.815374,0.816624,0.815323,0.811708,0.807984,0.200646,0.807304
1020.000000,0.809613,0.811477,0.814075,0.815825,0.801262,0.798656,0.797837,0.185974,0.795205
1021.000000,0.807282,0.810312,0.813570,0.815444,0.795837,0.798877,0.796610,0.205994,0.804196
1022.000000,0.807726,0.810157,0.813858,0.815200,0.805912,0.813416,0.811664,0.142871,0.816295
1023.000000,0.807615,0.810834,0.813758,0.814711,0.812223,0.814407,0.815566,0.143278,0.815074
1024.000000,0.808924,0.811144,0.813287,0.814234,0.812555,0.811511,0.807984,0.147536,0.813853
1025.000000,0.812920,0.811267,0.813131,0.813890,0.812666,0.809450,0.813002,0.171573,0.815185
1026.000000,0.813564,0.810423,0.812604,0.813775,0.809012,0.808900,0.803970,0.183273,0.807415
1027.000000,0.812299,0.810012,0.812338,0.813779,0.806798,0.807468,0.806088,0.358520,0.809968
1028.000000,0.813431,0.810523,0.812848,0.814153,0.811448,0.815618,0.814563,0.239315,0.820735
1029.000000,0.813453,0.811189,0.812349,0.813979,0.817095,0.812865,0.814117,0.174573,0.813964
1030.000000,0.814208,0.813564,0.812521,0.813905,0.816763,0.816500,0.819581,0.148992,0.818959
1031.000000,0.815562,0.814563,0.812438,0.813901,0.814105,0.815288,0.815343,0.136298,0.814186
1032.000000,0.815029,0.813664,0.811910,0.813794,0.812002,0.809218,0.810103,0.193252,0.807304
1033.000000,0.814164,0.813797,0.812315,0.813771,0.804030,0.811763,0.807761,0.212780,0.816406
1034.000000,0.814696,0.814075,0.812610,0.813549,0.812334,0.814407,0.815789,0.234547,0.816628
1035.000000,0.816939,0.815573,0.813420,0.813945,0.821634,0.839299,0.827498,0.621221,0.830170
1036.000000,0.819336,0.817449,0.813936,0.814219,0.832817,0.830929,0.829170,0.235625,0.826174
1037.000000,0.821778,0.818404,0.814208,0.814360,0.823738,0.819474,0.822034,0.231318,0.819514
1038.000000,0.821001,0.817582,0.814053,0.814426,0.817427,0.814176,0.812444,0.279985,0.812521
1039.000000,0.822400,0.818548,0.814868,0.814415,0.812666,0.817601,0.818466,0.142970,0.823621
1040.000000,0.820424,0.818681,0.816123,0.814574,0.823959,0.821126,0.819302,0.170625,0.820291
1041.000000,0.820779,0.820058,0.817310,0.814978,0.818313,0.822337,0.823595,0.101063,0.827950
1042.000000,0.821734,0.821756,0.817710,0.815192,0.823074,0.823989,0.824487,0.109515,0.824287
1043.000000,0.823776,0.822389,0.818093,0.815673,0.824513,0.821236,0.825602,0.134195,0.822733
1044.000000,0.824131,0.823266,0.818670,0.816162,0.816873,0.820465,0.821142,0.124480,0.825397
1045.000000,0.825419,0.822922,0.819247,0.816587,0.820416,0.826247,0.826271,0.134844,0.826729
1046.000000,0.825241,0.823010,0.820230,0.816961,0.822298,0.822227,0.824599,0.208985,0.827062
1047.000000,0.829237,0.825486,0.821945,0.817967,0.832706,0.839015,0.835415,0.198670,0.844267
1048.000000,0.832989,0.828383,0.822983,0.818829,0.838020,0.837868,0.841436,0.175487,0.841492
1049.000000,0.836719,0.830425,0.824487,0.820054,0.836249,0.839740,0.842217,0.159790,0.844045
1050.000000,0.839316,0.832368,0.825524,0.821538,0.835585,0.838088,0.841548,0.161790,0.839716
1051.000000,0.841447,0.833344,0.826701,0.822655,0.836360,0.836436,0.838314,0.242402,0.837718
1052.000000,0.841181,0.835209,0.828483,0.823543,0.833481,0.837757,0.839429,0.233281,0.842935
1053.000000,0.841270,0.837130,0.829759,0.824439,0.840124,0.842384,0.842894,0.182759,0.841936
1054.000000,0.842935,0.839827,0.831546,0.825722,0.842781,0.848111,0.845227,0.233239,0.852370
1055.000000,0.845377,0.842347,0.832634,0.826947,0.850310,0.848111,0.849242,0.119228,0.851926
1056.000000,0.847730,0.844589,0.833800,0.828349,0.837356,0.848331,0.840210,0.142477,0.849484
1057.000000,0.850616,0.845899,0.835692,0.829929,0.851639,0.855711,0.856769,0.120921,0.857365
1058.000000,0.853125,0.847197,0.837790,0.831054,0.855846,0.853949,0.855152,0.100002,0.854479
1059.000000,0.853768,0.848352,0.839388,0.832442,0.851417,0.850754,0.854037,0.216941,0.855589
1060.000000,0.856188,0.850783,0.841575,0.833944,0.854407,0.857694,0.855821,0.132612,0.864025
1061.000000,0.856721,0.852226,0.842785,0.835209,0.860496,0.857198,0.854483,0.172082,0.852148
1062.000000,0.855855,0.853236,0.844222,0.836734,0.848760,0.848992,0.853089,0.069949,0.853036
1063.000000,0.856255,0.854690,0.845910,0.838069,0.850642,0.856262,0.851026,0.073131,0.856477
1064.000000,0.855234,0.854501,0.847164,0.839198,0.854628,0.855270,0.851137,0.082648,0.850483
1065.000000,0.852525,0.854357,0.848352,0.839875,0.839349,0.845468,0.845339,0.137181,0.850483
1066.000000,0.853191,0.854956,0.849772,0.840852,0.845992,0.851195,0.851138,0.127313,0.855478
1067.000000,0.853613,0.854734,0.850316,0.842039,0.853742,0.849323,0.852921,0.069259,0.855145
1068.000000,0.852947,0.854601,0.850899,0.843394,0.852414,0.852297,0.853702,0.075973,0.853147
1069.000000,0.853768,0.854501,0.851426,0.844426,0.851417,0.851195,0.852141,0.105620,0.854590
1070.000000,0.853391,0.852958,0.851870,0.845369,0.851860,0.853178,0.849744,0.227516,0.848596
1071.000000,0.852658,0.852925,0.852575,0.846165,0.846988,0.847010,0.846900,0.170763,0.851815
1072.000000,0.850527,0.852070,0.852653,0.846838,0.852967,0.848552,0.847681,0.199629,0.844489
1073.000000,0.849795,0.851371,0.853030,0.847730,0.840788,0.843044,0.841771,0.157270,0.849484
1074.000000,0.847952,0.850860,0.852681,0.848396,0.846878,0.845798,0.847681,0.115024,0.845377
1075.000000,0.848929,0.851160,0.852758,0.849288,0.840788,0.847560,0.846566,0.129846,0.853480
1076.000000,0.849328,0.850993,0.852975,0.850179,0.848096,0.847781,0.852085,0.141238,0.853813
1077.000000,0.849661,0.850094,0.852414,0.850242,0.851306,0.847230,0.847904,0.126788,0.846154
1078.000000,0.848041,0.848918,0.851759,0.850239,0.842006,0.843595,0.844754,0.088274,0.841381
1079.000000,0.850505,0.849229,0.851865,0.850694,0.841785,0.851415,0.846120,0.118174,0.857698
1080.000000,0.852015,0.850472,0.851715,0.851404,0.852967,0.855601,0.857939,0.105386,0.861028
1081.000000,0.853413,0.851371,0.852148,0.852174,0.862157,0.858354,0.864295,0.141826,0.860806
1082.000000,0.856943,0.853302,0.852686,0.852869,0.851971,0.862650,0.858051,0.189748,0.863803
1083.000000,0.861805,0.854923,0.853147,0.853661,0.865589,0.866175,0.859725,0.099275,0.865690
1084.000000,0.864091,0.857298,0.854079,0.854220,0.874336,0.869809,0.866637,0.134374,0.869131
1085.000000,0.866667,0.859341,0.855250,0.854952,0.867471,0.872012,0.865522,0.155556,0.873904
1086.000000,0.870640,0.862027,0.856510,0.855992,0.873782,0.875647,0.877453,0.183686,0.880675
1087.000000,0.872794,0.864868,0.857481,0.856566,0.876882,0.876749,0.874498,0.127241,0.874570
1088.000000,0.877922,0.869863,0.859391,0.857794,0.885740,0.886992,0.878178,0.341654,0.891331
1089.000000,0.881097,0.872594,0.860911,0.858775,0.886625,0.887763,0.883263,0.521897,0.885004
1090.000000,0.884360,0.875513,0.862993,0.859648,0.878543,0.888644,0.879683,0.241439,0.890221
1091.000000,0.886824,0.878732,0.865052,0.861009,0.884522,0.888424,0.886485,0.205876,0.892996
1092.000000,0.892596,0.882695,0.867999,0.862689,0.891275,0.900099,0.897580,0.261726,0.903430
1093.000000,0.896170,0.887046,0.870985,0.864447,0.901240,0.905056,0.906780,0.221391,0.909202
1094.000000,0.902342,0.891719,0.874509,0.866626,0.908769,0.909902,0.911240,0.200531,0.915862
1095.000000,0.907404,0.895882,0.877611,0.868794,0.914637,0.913537,0.915589,0.162058,0.915529
1096.000000,0.912776,0.899800,0.880914,0.870940,0.910651,0.914638,0.917150,0.165061,0.919858
1097.000000,0.915307,0.903952,0.884410,0.872971,0.913308,0.913316,0.912355,0.166794,0.916084
1098.000000,0.916461,0.906316,0.888090,0.875032,0.912865,0.912215,0.917038,0.121859,0.914974
1099.000000,0.916728,0.909535,0.891064,0.877119,0.912644,0.913977,0.916481,0.113530,0.917194
1100.000000,0.917416,0.912410,0.893962,0.879465,0.914305,0.911995,0.916927,0.112949,0.918970
1101.000000,0.916106,0.914441,0.896587,0.881515,0.908437,0.911554,0.912690,0.142723,0.913309
1102.000000,0.915240,0.915274,0.898984,0.883757,0.910651,0.907589,0.904550,0.174398,0.911755
1103.000000,0.915085,0.915773,0.901410,0.885914,0.909987,0.908801,0.912355,0.177727,0.914197
1104.000000,0.915551,0.916139,0.903929,0.888386,0.910651,0.913977,0.914920,0.127692,0.919525
1105.000000,0.916439,0.916928,0.906405,0.890717,0.918955,0.921467,0.925178,0.109379,0.923410
1106.000000,0.918903,0.917505,0.908652,0.893111,0.921058,0.919925,0.923283,0.100337,0.925630
1107.000000,0.923366,0.919303,0.911627,0.896041,0.925819,0.928296,0.928412,0.108824,0.934066
1108.000000,0.927828,0.921456,0.913886,0.899212,0.931687,0.932150,0.937333,0.084772,0.936508
1109.000000,0.931602,0.923576,0.916556,0.901902,0.931466,0.932261,0.934434,0.120165,0.938395
1110.000000,0.935642,0.926041,0.919225,0.904655,0.943091,0.938209,0.941347,0.152813,0.943612
1111.000000,0.942014,0.930458,0.922450,0.907877,0.943866,0.950655,0.947926,0.145998,0.957487
1112.000000,0.946853,0.935109,0.925191,0.911026,0.956599,0.955281,0.955955,0.091463,0.958264
1113.000000,0.950139,0.938983,0.927378,0.913934,0.953277,0.959247,0.956512,0.127251,0.952936
1114.000000,0.952226,0.941914,0.929027,0.916591,0.950288,0.945368,0.948483,0.183480,0.948829
1115.000000,0.953735,0.944689,0.930808,0.919166,0.942316,0.946360,0.948483,0.196366,0.951160
1116.000000,0.951493,0.946753,0.932129,0.921353,0.949734,0.947131,0.946253,0.099041,0.946276
1117.000000,0.949983,0.948418,0.933861,0.923891,0.944420,0.945038,0.949822,0.101726,0.950716
1118.000000,0.949073,0.949606,0.935531,0.925793,0.943756,0.947021,0.946365,0.127974,0.948385
1119.000000,0.950627,0.951426,0.937501,0.928179,0.950620,0.949223,0.953167,0.095682,0.956599
1120.000000,0.951870,0.952803,0.939422,0.930418,0.952613,0.955722,0.959411,0.113660,0.957376
1121.000000,0.954046,0.952769,0.941614,0.932556,0.946856,0.950435,0.946699,0.107104,0.957154
1122.000000,0.954712,0.952348,0.943728,0.934244,0.952170,0.951206,0.952832,0.241426,0.954046
1123.000000,0.957620,0.953347,0.946165,0.936034,0.955713,0.956825,0.958185,0.089209,0.962926
1124.000000,0.959196,0.954912,0.948413,0.937655,0.962688,0.960238,0.966213,0.128682,0.964480
1125.000000,0.960861,0.956366,0.950527,0.939327,0.962356,0.968554,0.965098,0.099572,0.965701
1126.000000,0.962171,0.958109,0.952431,0.940789,0.962799,0.962221,0.963537,0.089087,0.963703
1127.000000,0.964058,0.959385,0.953902,0.942369,0.961360,0.965745,0.962645,0.253964,0.963481
1128.000000,0.964924,0.961272,0.955439,0.944111,0.962910,0.964754,0.965767,0.164453,0.967255
1129.000000,0.963770,0.961483,0.956455,0.945495,0.963242,0.963873,0.962756,0.100692,0.958708
1130.000000,0.963614,0.962238,0.957520,0.947027,0.962799,0.962331,0.961976,0.090800,0.964924
1131.000000,0.962882,0.962526,0.957648,0.948585,0.961802,0.959687,0.956456,0.105061,0.960040
1132.000000,0.963015,0.963536,0.957942,0.950331,0.962467,0.961890,0.967496,0.127711,0.964147
1133.000000,0.962882,0.963903,0.958625,0.952078,0.965567,0.965635,0.968889,0.063612,0.966589
1134.000000,0.964924,0.964347,0.959629,0.953724,0.962688,0.963763,0.963872,0.130612,0.968920
1135.000000,0.965768,0.964691,0.960528,0.955248,0.961360,0.966406,0.966659,0.211023,0.969142
1136.000000,0.969320,0.966101,0.962105,0.956987,0.970881,0.975328,0.971677,0.131292,0.977800
1137.000000,0.972516,0.967766,0.963575,0.958523,0.973760,0.981055,0.975468,0.131941,0.980131
1138.000000,0.974936,0.968909,0.965090,0.959929,0.976417,0.975658,0.978504,0.096751,0.978688
1139.000000,0.978688,0.971806,0.966644,0.961572,0.983835,0.983809,0.986062,0.076276,0.987679
1140.000000,0.981618,0.973693,0.967965,0.962911,0.986160,0.983258,0.978925,0.149213,0.983794
1141.000000,0.984593,0.976956,0.969741,0.964084,0.986714,0.990968,0.991525,0.163792,0.992674
1142.000000,0.987901,0.980209,0.971873,0.965364,0.990921,0.990968,0.994982,0.160281,0.996670
1143.000000,0.991386,0.983161,0.973532,0.966804,0.989814,0.995815,0.993310,0.149204,0.996115
1144.000000,0.993851,0.986269,0.975308,0.968509,1.000000,1.000000,1.000000,0.211665,1.000000
1145.000000,0.996226,0.988922,0.976807,0.969993,0.999446,0.996586,0.998327,0.173021,0.995671
1146.000000,0.996404,0.990498,0.978299,0.971569,0.996346,0.991188,0.992417,0.145407,0.993562
1147.000000,0.995671,0.991786,0.979776,0.972979,0.984721,0.986783,0.987846,0.208954,0.993007
1148.000000,0.993340,0.992363,0.980636,0.974181,0.996014,0.990858,0.987009,0.319652,0.984460
1149.000000,0.988833,0.991342,0.981574,0.974877,0.982950,0.979954,0.981155,0.170179,0.977467
1150.000000,0.985059,0.990643,0.982168,0.975524,0.979849,0.974777,0.973015,0.176154,0.976801
1151.000000,0.969075,0.982739,0.979848,0.974074,0.923384,0.921908,0.901316,0.489997,0.913642
1152.000000,0.950139,0.972905,0.976557,0.972217,0.000000,0.000000,0.899755,0.516319,0.898324
1153.000000,0.936419,0.964880,0.974020,0.970648,0.896811,0.911885,0.902988,0.248137,0.915862
1154.000000,0.923521,0.956177,0.971223,0.968931,0.913862,0.911444,0.905776,0.186680,0.912976
1155.000000,0.910756,0.947908,0.968415,0.967174,0.911205,0.907809,0.912355,0.172532,0.912976
1156.000000,0.910867,0.939971,0.965235,0.965523,0.913419,0.911774,0.916258,0.090054,0.914197
1157.000000,0.914885,0.932512,0.962149,0.964021,0.913973,0.913646,0.918711,0.092191,0.918415
1158.000000,0.915396,0.925907,0.959135,0.962393,0.914858,0.913425,0.918822,0.087456,0.918415
1159.000000,0.915906,0.919714,0.955528,0.960954,0.913419,0.911995,0.917038,0.101213,0.915529
1160.000000,0.914264,0.912510,0.951576,0.958948,0.910430,0.911334,0.908564,0.142078,0.904762
1161.000000,0.913775,0.912321,0.947530,0.957339,0.911758,0.907038,0.907727,0.114716,0.911755
1162.000000,0.914153,0.914519,0.943712,0.955877,0.914858,0.914198,0.920049,0.078865,0.920302
1163.000000,0.914175,0.914785,0.939832,0.954275,0.916076,0.914198,0.920495,0.102237,0.918526
1164.000000,0.916550,0.916228,0.936203,0.952892,0.917405,0.923340,0.922168,0.133235,0.927406
1165.000000,0.917927,0.916095,0.932001,0.950975,0.921944,0.919925,0.915700,0.118697,0.911644
1166.000000,0.917949,0.915862,0.927917,0.948777,0.907994,0.906487,0.910359,0.102271,0.911866
1167.000000,0.914796,0.914474,0.923493,0.946257,0.908547,0.908470,0.907003,0.067614,0.904540
1168.000000,0.913398,0.913786,0.919847,0.944019,0.907662,0.906377,0.911351,0.101781,0.911533
1169.000000,0.909091,0.912821,0.916267,0.941292,0.905115,0.909021,0.908675,0.096684,0.905872
1170.000000,0.906760,0.912343,0.912426,0.938499,0.904894,0.903844,0.902654,0.096419,0.899989
1171.000000,0.907293,0.912621,0.912471,0.935894,0.902347,0.911224,0.908787,0.176826,0.914530
1172.000000,0.908114,0.911455,0.912987,0.932960,0.915080,0.911774,0.908675,0.129379,0.908647
1173.000000,0.907848,0.910623,0.912704,0.930096,0.906776,0.904285,0.909567,0.121177,0.910201
1174.000000,0.910867,0.909979,0.913104,0.927461,0.909433,0.916180,0.913247,0.111451,0.920968
1175.000000,0.916484,0.911622,0.913858,0.925208,0.920948,0.921467,0.922391,0.143181,0.928072
1176.000000,0.919791,0.913542,0.914702,0.923125,0.927812,0.925212,0.930196,0.098019,0.931069
1177.000000,0.922877,0.915496,0.914985,0.920827,0.926926,0.927084,0.927520,0.103070,0.924076
1178.000000,0.924764,0.916306,0.915046,0.918667,0.922609,0.917832,0.919826,0.128982,0.919636
1179.000000,0.926185,0.918526,0.915673,0.917020,0.918512,0.922348,0.917932,0.129084,0.928072
1180.000000,0.926651,0.921567,0.916955,0.915473,0.924491,0.927195,0.922948,0.111227,0.930403
1181.000000,0.929404,0.924598,0.918609,0.916513,0.933570,0.938099,0.936664,0.112347,0.944833
1182.000000,0.933733,0.928305,0.919880,0.918093,0.940323,0.941073,0.944581,0.114879,0.945721
1183.000000,0.937396,0.931080,0.920851,0.918829,0.936780,0.936667,0.940789,0.122910,0.937951
1184.000000,0.940193,0.933189,0.921584,0.919799,0.935673,0.937328,0.938448,0.089068,0.942058
1185.000000,0.942169,0.934410,0.923016,0.920709,0.938220,0.935676,0.942016,0.214085,0.940282
1186.000000,0.942879,0.936142,0.924842,0.921849,0.940766,0.943606,0.944915,0.106385,0.948385
1187.000000,0.943679,0.938706,0.927101,0.922892,0.945859,0.944597,0.947257,0.139418,0.949717
1188.000000,0.947275,0.942335,0.929321,0.924143,0.948406,0.949884,0.954951,0.089594,0.955933
1189.000000,0.950117,0.945155,0.931840,0.925500,0.953056,0.955612,0.957497,0.106875,0.956266
1190.000000,0.952359,0.947264,0.934416,0.927058,0.954384,0.950215,0.952832,0.101471,0.951493
1191.000000,0.955289,0.949084,0.936841,0.928768,0.949402,0.957044,0.951717,0.119330,0.963037
1192.000000,0.957931,0.950805,0.939555,0.930188,0.964349,0.961780,0.963983,0.106962,0.962926
1193.000000,0.958863,0.953069,0.942075,0.931591,0.961027,0.957484,0.961307,0.146149,0.960595
1194.000000,0.960928,0.955522,0.944356,0.932897,0.956156,0.963873,0.959969,0.122225,0.966589
1195.000000,0.962238,0.957298,0.945854,0.934443,0.963463,0.959686,0.962310,0.118199,0.958042
1196.000000,0.964724,0.960007,0.948074,0.936563,0.961138,0.968939,0.964987,0.141376,0.975469
1197.000000,0.968454,0.963192,0.950949,0.939131,0.973206,0.974116,0.980096,0.108344,0.981574
1198.000000,0.972006,0.965435,0.953885,0.941359,0.977192,0.978632,0.980375,0.124054,0.978355
1199.000000,0.974359,0.967643,0.956399,0.943775,0.979960,0.977310,0.977029,0.095809,0.978355
1200.000000,0.979398,0.970818,0.959041,0.946550,0.974756,0.976209,0.980162,0.087180,0.983239
1201.000000,0.980686,0.972705,0.960895,0.948796,0.981842,0.977971,0.984946,0.074666,0.981907
1202.000000,0.980775,0.974614,0.962710,0.951241,0.980957,0.978852,0.983720,0.100129,0.982018
1203.000000,0.981752,0.976879,0.964974,0.953676,0.979628,0.978081,0.985950,0.003657,0.983239
1204.000000,0.982529,0.978444,0.966983,0.955718,0.979849,0.977090,0.983720,0.089997,0.982240
1205.000000,0.983106,0.981252,0.969275,0.957653,0.981953,0.984360,0.988961,0.100209,0.986125
1206.000000,0.984171,0.982429,0.971218,0.959526,0.984500,0.979623,0.980932,0.126391,0.987235
1207.000000,0.985304,0.983039,0.973116,0.961646,0.988707,0.983589,0.989184,0.093897,0.987679
1208.000000,0.985348,0.983550,0.974492,0.963773,0.982396,0.984360,0.984835,0.111185,0.983461
1209.000000,0.985681,0.984105,0.975874,0.965634,0.979960,0.978412,0.985169,0.081461,0.983905
1210.000000,0.986480,0.984793,0.977806,0.967625,0.987932,0.983699,0.989072,0.072160,0.990121
1211.000000,0.986680,0.985426,0.979065,0.969072,0.987157,0.987719,0.991525,0.224344,0.988234
1212.000000,0.986991,0.986147,0.980381,0.970522,0.986050,0.987256,0.990522,0.101344,0.989233
1213.000000,0.986747,0.986047,0.981463,0.971998,0.986160,0.985461,0.977810,0.108107,0.982240
1214.000000,0.987413,0.986547,0.982495,0.973504,0.983282,0.982928,0.987957,0.125698,0.987235
1215.000000,0.984593,0.985537,0.983394,0.974696,0.989814,0.984690,0.957739,0.284713,0.976024
1216.000000,0.978888,0.982784,0.982606,0.975073,0.968335,0.964754,0.961753,0.139485,0.959707
1217.000000,0.974337,0.980664,0.981851,0.975632,0.954938,0.961560,0.960303,0.254307,0.966478
1218.000000,0.971939,0.979343,0.981446,0.976109,0.972431,0.970591,0.972458,0.149576,0.970252
1219.000000,0.966744,0.977078,0.980592,0.976276,0.964238,0.962331,0.962533,0.138828,0.961261
1220.000000,0.964547,0.974570,0.979681,0.976727,0.958813,0.960238,0.965656,0.115651,0.965035
1221.000000,0.963192,0.971040,0.978233,0.976390,0.963463,0.959136,0.955397,0.145523,0.952936
1222.000000,0.960195,0.967266,0.976707,0.976009,0.950509,0.948452,0.952107,0.175105,0.951493
1223.000000,0.956466,0.964202,0.975125,0.975709,0.948627,0.953850,0.954951,0.145343,0.951604
1224.000000,0.952381,0.959563,0.973055,0.974851,0.943313,0.940853,0.940232,0.078536,0.940837
1225.000000,0.947874,0.956210,0.970874,0.974333,0.933902,0.937438,0.939117,0.104847,0.942502
1226.000000,0.947297,0.955245,0.969014,0.973486,0.936891,0.944597,0.943577,0.083611,0.950050
1227.000000,0.947053,0.953624,0.967144,0.972442,0.945306,0.946029,0.949599,0.084319,0.950272
1228.000000,0.946498,0.951482,0.965412,0.971458,0.947077,0.947021,0.948651,0.097751,0.948829
1229.000000,0.949495,0.950938,0.964008,0.970707,0.949291,0.952748,0.954505,0.141587,0.955822
1230.000000,0.951138,0.949506,0.962038,0.969623,0.952502,0.949884,0.953167,0.091564,0.950716
1231.000000,0.950871,0.949084,0.960062,0.968517,0.947852,0.951977,0.951383,0.117967,0.948718
1232.000000,0.952936,0.949994,0.958630,0.967803,0.951284,0.956273,0.951383,0.271330,0.960595
1233.000000,0.953757,0.950128,0.957165,0.966792,0.958924,0.954070,0.956624,0.075120,0.952936
1234.000000,0.954068,0.951782,0.955672,0.965964,0.946523,0.950986,0.948930,0.057964,0.957376
1235.000000,0.956488,0.953813,0.955012,0.965187,0.956267,0.958255,0.963091,0.177187,0.962815
1236.000000,0.959685,0.955278,0.955261,0.964436,0.966342,0.963431,0.963760,0.104244,0.964702
1237.000000,0.961949,0.957443,0.955533,0.963910,0.964460,0.966406,0.971008,0.104034,0.971917
1238.000000,0.967632,0.960695,0.956088,0.963840,0.969996,0.979183,0.971008,0.124258,0.981352
1239.000000,0.970629,0.962349,0.956643,0.963455,0.977967,0.980174,0.963872,0.130861,0.972361
1240.000000,0.973560,0.965024,0.957265,0.963033,0.971988,0.976979,0.973684,0.155496,0.977467
1241.000000,0.978200,0.968942,0.959013,0.963022,0.977967,0.982046,0.980040,0.137017,0.987901
1242.000000,0.979554,0.970751,0.960373,0.962671,0.984721,0.979623,0.982605,0.134782,0.978688
1243.000000,0.979487,0.973560,0.961844,0.962630,0.979296,0.977200,0.978925,0.138664,0.981019
1244.000000,0.980153,0.975391,0.963586,0.962245,0.977303,0.974777,0.976360,0.134441,0.975691
